accession,id,protein_name,gene_primary,organism_name,length,sequence,ec,go_id,protein_existence,xref_pdb,xref_alphafolddb
A0A140JWS2,PTMG_PENOH,Geranylgeranyl pyrophosphate synthase penG,ptmG,Penicillium ochrochloron,356,MLFLAPGYIFPHVATPVTVAIDFAQAVKEGAYSFLDLKASPVPNPELFQPPSRVSIGMTGGREERNEEIIRGPLNYLLSLPGKDIRGKLIDALNEWFRVPEDKLSTIKEIIVILHTASLLIDDIQDSSQLRRGNPVAHRIFGVAQTINSANYAYFLAQAKLADLNDSRAFDIFTKGLLKLHRGQGMELYWRDNLICPTEEEYVEMVSCKTGGLFYLAVQLMQLNSEVTVNFSSFINLLGIIFQIRDDYMNLQSGTMTKTKGFSEDLTEGKFGYPIIHSIHAAPNDQQLIQILKLKTNDEVIKQYAVRYIESTGSFIYCREKLDLYLQEANETFQGLELLLGPSKGIRAILNFLRTR,2.5.1.-;2.5.1.1;2.5.1.10;2.5.1.29,GO:0004337;GO:0004161;GO:0004311;GO:0046872;GO:0046165;GO:0008299;GO:0043386,3: Inferred from homology,,A0A140JWS2
A1C8C3,OBLA_ASPCL,Ophiobolin F synthase oblA,oblA,Aspergillus clavatus (strain ATCC 1007 / CBS 513.65 / DSM 816 / NCTC 3887 / NRRL 1 / QM 1276 / 107),718,MACKYSTLIDSSLYDREGLCPGIDLRRHVAGELEEVGAFRAQEDWRRLVGPLPKPYAGLLGPDFSFITGAVPECHPDRMEIVAYALEFGFMHDDVIDTDVNHASLDEVGHTLDQSRTGKIEDKGSDGKRQMVTQIIREMMAIDPERAMTVAKSWASGVRHSSRRKEDTNFKALEQYIPYRALDVGYMLWHGLVTFGCAITIPNEEEEEAKRLIIPALVQASLLNDLFSFEKEKNDANVQNAVLIVMNEHGCSEEEARDILKKRIRLECANYLRNVKETNARADVSDELKRYINVMQYTLSGNAAWSTNCPRYNGPTKFNELQLLRSEHGLAKYPSRWSQENRTSGLVEGDCHESKPNELKRKRNGVSVDDEMRTNGTNGAKKPAHVSQPSTDSIVLEDMVQLARTCDLPDLSDTVILQPYRYLTSLPSKGFRDQAIDSINKWLKVPPKSVKMIKDVVKMLHSASLMLDDLEDNSPLRRGKPSTHSIYGMAQTVNSATYQYITATDITAQLQNSETFHIFVEELQQLHVGQSYDLYWTHNTLCPTIAEYLKMVDMKTGGLFRMLTRMMIAESPVVDKVPNSDMNLFSCLIGRFFQIRDDYQNLASADYAKAKGFAEDLDEGKYSFTLIHCIQTLESKPELAGEMMQLRAFLMKRRHEGKLSQEAKQEVLVTMKKTESLQYTLSVLRELHSELEKEVENLEAKFGEENFTLRVMLELLKV,,GO:0044687;GO:0004311;GO:0016829;GO:0046872;GO:0046165;GO:0043386;GO:0016114,1: Evidence at protein level,,A1C8C3
B0YD89,PRPC_ASPFC,"2-methylcitrate synthase, mitochondrial",mcsA,Aspergillus fumigatus (strain CBS 144.89 / FGSC A1163 / CEA10),465,MAMTMRSTRHASKLAQTARLALTNSRRYSTAEPDLKTALKAVIPAKRELFKQVKERSDEVIGEVKVANVIGGMRGLKSMLWEGSVLDPEEGIRFHGKTIKDCQKELPKGTSGTEMLPEAMFWLLLTGQVPSTNQVRAFSRELAEQSHLPQHILDLIKSFPRSMHPMTQLSIAVAALNTESKFAKAYEKGLSKADYWEPTFDDSISLLAKIPRVAALVFRPDEVDQVGTQALDASQDWSYNFAELLGKGGKENQDFHDLLRLYLALHGDHEGGNVSAHATHLVGSALSDPFLSYSAGLLGLAGPLHGLAAQEVLRWILAMQDKIGTKFTDDDVRNYLWDTLKSGRVVPGYGHGVLRKPDPRFQALMDFAATRPDVLANPVFQLVKKNSEIAPAVLTEHGKTKNPHPNVDAASGVLFYHYGFQQPLYYTVTFGVSRALGPLVQLIWDRALGLPIERPKSINLLGLKK,2.3.3.16;2.3.3.5,GO:0005759;GO:0050440;GO:0004108;GO:0036440;GO:0042802;GO:0005975;GO:0019629;GO:0006099,1: Evidence at protein level,5UQO;5UQQ;5UQR;5UQU;6BOL;6BOM;6BON;6BOO;6BOP,B0YD89
C8VQG9,LAEA_EMENI,Protein-methionine methyltransferase laeA,laeA,Emericella nidulans (strain FGSC A4 / ATCC 38163 / CBS 112.46 / NRRL 194 / M139),374,MFEMGPVGTRLPAMTSPAHNHYSYHSPTSSDRGRSRQNSDAMDIQSITEREPATRYAVAGGPAPWNRNGSPSMSPMYSNNSERNQFHEENGRTYHGFRRGMYFLPCDEQEQDRLDIFHKLFTVARVSESLIYAPHPTNGRFLDLGCGTGIWAIEVANKYPDAFVAGVDLAPIQPPNHPKNCEFYAPFDFEAPWAMGEDSWDLIHLQMGCGSVMGWPNLYRRIFAHLRPGAWFEQVEIDFEPRCDDRSLDGTALRHWYDCLKQATAETMRPIAHSSRDTIKDLQDAGFTEIDHQIVGLPLNPWHQDEHERKVARWYNLAVSESIENLSLAPFSRVYRWPLERIQQLAADVKSEAFNKEIHAYNILHIYQARKPLR,2.1.1.-,GO:0005634;GO:0008168;GO:0030437;GO:0051701;GO:0032259;GO:0042316;GO:0075296;GO:0033246;GO:0010914;GO:1900376;GO:0045460,1: Evidence at protein level,,C8VQG9
E0Y3X1,NOTF_ASPSM,Deoxybrevianamide E synthase notF,notF,Aspergillus sp. (strain MF297-2),452,MTAPELRVDTFRAPEDAPKEPSAQQPRLPSSPSPAQALASYHHFPTNDQERWWEETGSLFSRFLEAGQYGLPQQYQFMFFFMHHLIPALGPYPQKWRSTISRSGLPIEFSLNFQKGSHRLLRIGFEPVSFLSGSSQDPFNRIPITDLLNRLSKLQLSNFDTPFFQHLLSKFQLSLSEVRQLQKQGSGPDAHPLKSQAAFGFDFNPDGAILVKGYVFPYLKAKAADVPVGTLIAEAVRTIDVERNQFTHAFGLINDYMQESTGYNEYTFLSCDFVETSEQRLKIYGAHTEVTWAKIAEMWTLGGRLIEEPEIIAGLARLKQIWSLLQIGEGSRAFKGGFDYDKSSATDQIASPIIWNYEIHPGSRFPVPKFYLPVHGENDLHVARALAQFWDSLGWPEHACAYPDTLQQLYPDQDISQTTRLQSWISYSYTAKRGVYMSVYYHSQSTYLWEED,2.5.1.109,GO:0004659;GO:0009820,1: Evidence at protein level,6VY9;6VYA,E0Y3X1
P9WEQ2,OLCC_PENCN,Geranylgeranyl pyrophosphate synthase olcC,olcC,Penicillium canescens,333,MDQLPAAELTNFISPSGPESRPVFHSICGIHDTANVQQKQTLDQNKVISAPLDYLLSFPGKDIRGQLISSFNEWLQIPEEKLSLIKRVVELLHTASLLIDDIQDSSQLRRGLPVAHNIFGVAQTINSANYAYFKAQSELHKIGDPRAVEIFTEELLRLHKGQGMDLYWRDSLTCPTEEEYLEMVSNKTGGLFRLAIKLMQLCSASEKDCVPLVEYLGIIFQIRDDYQNLQSEKYIENKGFGEDLTEGKFSFPIIHSIRSNSDSFQLINILKQKSEDTTVKLYAIKLLESTGSFEFCRQRIAQLTTQARSLLMEMGDPSQTAGIQGILAFLELK,2.5.1.-;2.5.1.1;2.5.1.10;2.5.1.29,GO:0046872;GO:0004659;GO:0046165;GO:0043386;GO:0016114,3: Inferred from homology,,P9WEQ2
Q2TWN3,UBA4_ASPOR,Adenylyltransferase and sulfurtransferase uba4,uba4,Aspergillus oryzae (strain ATCC 42149 / RIB 40),463,MARTVRDAAWVLGAIAGRDGRDNYTLASPHPISENTHRVTHERIIPDVTRSSQLKLRSAKVLIVGAGGLGCPAAQYLAGAGVGTLGLVDGDTVESSNLHRQVLHRSKNVGKLKVDSAIESLRDLNPHPTYIAHRAHLAPQDAADIFKNYDLILDCTDNPATRYLISDTAVLLGKPLVSASALRTEGQLMVLNNPPRSVGDKTGGPCYRCVFPRPPPANSIMSCADGGILGPVVGTMGVLQALEAIKVITATDEEVKPPSLHIFSAYSSPLFRTIKLRSRRPNCAVCSGEASVTLETVKSGSTDYVFFCGSVGPEKLLLPEERISPREYRTKYPVTASSEAIGTVTKEPTIIDVREKVQFDICSLENSINIPISSILSSATKTAQNNEVANGSNPLPPWLPADIASSDSIDPIYVVCRLGNDSQIAVKRLKELGLDRGGERVVADIRGGLRAWREQVDPEWPEY,,GO:0005829;GO:0070733;GO:0005524;GO:0042802;GO:0046872;GO:0061605;GO:0061604;GO:0004792;GO:0042292;GO:0007114;GO:0034599;GO:0001403;GO:0006777;GO:0032447;GO:2000220;GO:0002143,3: Inferred from homology,,Q2TWN3
Q2UMQ5,ESA1_ASPOR,Histone acetyltransferase ESA1,esa1,Aspergillus oryzae (strain ATCC 42149 / RIB 40),506,MGVRDSHGEATATPDPVEKGFATLNTIRIGVKAMVQKDGELRKAEILSIRQRKDGPSFYVHYVDFNKRLDEWIDSTRIDLSHEVEWPQPEKPEKKKAGPGNKAPSKNAQKRARAGSREVSATPDLLTGKNTNIGKAQRPSKAGGKENRDETPANLSVLDSEAISADVTPKPEMEDVDMIGVSFTDTKEEHEQGKMSREEEIERLRTSGSMTQNPTEIHRVRNLNRLQMGKFDIEPWYFSPYPASFSDVDMVYIDEFCLSYFDNKRAFERHRSKCTLVHPPGNEIYRDDRISFFEVDGRRQRTWCRNLCLLSKLFLDHKTLYYDVDPFLFYCMATRDETGCHLVGYFSKEKDSAEGYNLACILTLPQYQRLGYGRLLIAFSYELSKREGKLGSPEKPLSDLGLLSYRQYWRETLVELLIEPGRESMSENELAVLTSMTEKDVHETLVVFNMLRYHKGNWVIVLTDQVVEQHNKRLEKEKIKGSRKIDPARLQWKPPVFTASSRTWNW,2.3.1.-;2.3.1.48,GO:0035267;GO:0005721;GO:0035861;GO:0000812;GO:0003682;GO:0044016;GO:0106226;GO:0140065;GO:0140064;GO:0003712;GO:0006281;GO:0140861;GO:0031453;GO:0006357,3: Inferred from homology,,Q2UMQ5
Q4WBI4,SPYE_ASPFU,Geranylgeranyl pyrophosphate synthase spyE,spyE,Aspergillus fumigatus (strain ATCC MYA-4609 / CBS 101355 / FGSC A1100 / Af293),357,MVSIPATSLYGLGRQQPFQDLSKSLLTHLNLFTPQEAQSQAVPGTRTETEPTGSSPSDLQEQRKLADDKIIWAPLDYLCSFPGKDIRGKLISAFNQWLQIPEDKLDVIKRVVGLLHSASLLIDDIQDSSKLRRGFPVAHSIFGIAQTINSANFAYFWAQQELKKLGKPEAMVIFTEEMLRLHRGQGLDLYWRDSLTCPTEEEYLEMVANKTGGLFRLAIKLMQMESHNTEDCVPLVDLLGIIFQIRDDYQNLQSDLYAKNKGFGEDITEGKFSYPIIHSIRSDPSNFQLMNILKQKTEDEDVKRYAVRIIESTGSFDHCRKKLENLTAEAREILKDFGDLGNTDGLKGILDFLELKG,2.5.1.-;2.5.1.1;2.5.1.10;2.5.1.29,GO:0004337;GO:0004161;GO:0004311;GO:0046872;GO:0046165;GO:0008299;GO:0043386,1: Evidence at protein level,,Q4WBI4
Q4WLA7,UBC2_ASPFU,Ubiquitin-conjugating enzyme E2 2,ubc2,Aspergillus fumigatus (strain ATCC MYA-4609 / CBS 101355 / FGSC A1100 / Af293),151,MSTSARRRLMRDFKRMQTDPPAGVSASPVADNVMTWNAVIIGPADTPFEDGTFRLVMHFEEQYPNKPPGVKFISQMFHPNVYGTGELCLDILQNRWSPTYDVAAILTSIQSLLNDPNTSSPANVEASNLYKDNRKEYIKRVRETVEKSWED,2.3.2.23,GO:0000781;GO:0005737;GO:0033503;GO:1990304;GO:0005634;GO:0097505;GO:1990305;GO:1990303;GO:0005524;GO:0070628;GO:0003697;GO:0017116;GO:0061631;GO:0034620;GO:0071629;GO:0006281;GO:0006353;GO:0000724;GO:0036503;GO:0042275;GO:0070987;GO:0042276;GO:0042138;GO:0031571;GO:2000639;GO:0043161;GO:0000209;GO:0090089;GO:0009302;GO:0030435;GO:0120174;GO:0031509;GO:0000722;GO:0006366;GO:0071596,3: Inferred from homology,,Q4WLA7
Q4WV19,UBA4_ASPFU,Adenylyltransferase and sulfurtransferase uba4,uba4,Aspergillus fumigatus (strain ATCC MYA-4609 / CBS 101355 / FGSC A1100 / Af293),493,MENLEQTCASLRAQIAATEAQLAGLKRELEIAEQAAEVKAQSTTRTITAEDGKTNETREWPLLSEEYKRYGRQMIVPQLGLQGQLKLRAARVLIVGAGGLGCPAALYLAGAGVGTLGLVDGDTVENSNLHRQVLHRSKNVGTFKVDSAIEYLRELNPHPTYVPYRAHLTPQEAPGIFKDYDIVLDCTDNPATRYLISDTAVLLGKPLVSASALRTEGQLMVLNYPPRPVGDKSGGPCYRCVFPKPPPANSVVSCADGGILGPVVGTMGVLQALEAIKVITSPAVNPSASPPSLLIFSAYSTPLFRTIRLRARRANCAVCSADASVTLETLKNGSTDYVFFCGVAGLEATLSPEERISPLEFKKRHPKEVPQDGGRINKEPTIIDVREKVQFDICSLENSINIPISTILSSASSPTNVDANAQPSLPFWLPRELASADSTDPIYVVCRHGNDSQIAVRRLKELGLDRGGQRYVGDIQGGLRAWREQIDPDWPEY,,GO:0005737;GO:0005829;GO:0070733;GO:0005524;GO:0042802;GO:0046872;GO:0061605;GO:0061604;GO:0016779;GO:0004792;GO:0042292;GO:0007114;GO:0034599;GO:0001403;GO:0006777;GO:0032447;GO:2000220;GO:0002143,3: Inferred from homology,,Q4WV19
Q5BAB7,BUD32_EMENI,EKC/KEOPS complex subunit bud32,bud32,Emericella nidulans (strain FGSC A4 / ATCC 38163 / CBS 112.46 / NRRL 194 / M139),285,MPPTNRPPPFSTILSSASLPSYSSTDELTPIYQGAEAHLYKTTFLSPSQPAALKIRPSKPYRHPILDRRLTRARILQEARCLQKLVKEGVSVPALLGVDWEPSAGDGSSWLVMEWIEGEPVRVILEEWEAYLKGIEREKRLGLGEGVQGSEEEKVRGLMRRIGRAVGGLHRAGVIHGDLTTSNLMLRPLGSADTTETIEERDQSPSMAGEVVMIDFGLAMQSSQDEDRAVDLYVLERAFGSSHPRTERFFEEVLVGYRESYKGAVSALKRLEDVRMRGRKRSMIG,2.7.11.1;3.6.-.-,GO:0000781;GO:0005829;GO:0000408;GO:0005634;GO:0005524;GO:0016787;GO:0106310;GO:0004674;GO:0043936;GO:0030448;GO:0008033;GO:0070525,3: Inferred from homology,,Q5BAB7
Q92407,HXKG_ASPNG,Glucokinase,glkA,Aspergillus niger,495,MSSALLDEAARIARQFDYPAAEVQRGVTEYIREIDEGLSKEHTTLSQIPTYVTAVPNGTEKGLYLAVDLGGTNFRVCSIDLHGDTTFSLTQSKIMIPRETMASGTAKDLFLFLARQIESFLRIHHNDHFEAHLRRRNEKNGNCEEDLFDLGFTFSFPVRQLGINKGTLIRWTKGFNIPDAVGKDVCALLQNAIDDLGLPVRVAALVNDTVGTLMARSYTSPGETGTFLGAIFGTGTNGAYVEKLDRITKLQTIEHSEYDKTTGEMIINAEWGSFDNHLSVLPNTIYDQQLDADSNNPGIQMFEKRVSGMFLGEILRRVMLDMQRNESLGFLRAGGASTVSVPQESSLYRQWGIDTSLLSLVEADKTENMEQIKVALKDHLKIERPTTDDCKAIQTVVHAIGKRAARLSAVPLAAILLSTGKLQKDDLVDIGVDGSLVEFYPNFEGYMRDALREVPEVGEAGNKKIRIGISKDGSGVGAALIALVASKEETRRKSQ,2.7.1.1;2.7.1.2,GO:0005829;GO:0005739;GO:0005524;GO:0005536;GO:0008865;GO:0004340;GO:0047931;GO:0019158;GO:0006006;GO:0006096;GO:0001678,1: Evidence at protein level,,Q92407
A0A0E3D8P4,PENG_PENCR,Geranylgeranyl pyrophosphate synthase penG,penG,Penicillium crustosum,341,MLFLAPGYIFPNVATPVTVAIDFAQAVKQGAYNVLDLKASPIPNPELFQPPSRIIRGPLNYLLSLPGKDIRGKLIDALNEWFRVPEDKLNIIKEIVVILHTASLLIDDIQDSSELRRGNPVAHRIFGVAQTINSANYAYFLAQAKLADLNDSRAFDIFTKGLLKLHRGQGMELYWRDNLICPTEEEYVEMVSCKTGGLFYLAVQLMQLNSEVTVNFSNFINLLGIIFQIRDDYMNLQSGTMTKTKGFSEDLTEGKFGYPIIHSIHAAPNDSQLIQILKLKTKDEVIKQYAVRYIESTGSFVYCREKLDMYLEEANETFRGLEMLLGPSKGIRAILDFLRTR,2.5.1.-;2.5.1.1;2.5.1.10;2.5.1.29,GO:0004337;GO:0004161;GO:0004311;GO:0046872;GO:0046165;GO:0008299;GO:0043386,3: Inferred from homology,,A0A0E3D8P4
A0A1U8QLG8,PBCB_EMENI,Geranylgeranyl pyrophosphate synthase AN1592,,Emericella nidulans (strain FGSC A4 / ATCC 38163 / CBS 112.46 / NRRL 194 / M139),397,MSPPLDSALEPLSEYKETAFPRTEKDPSQYKEHDLVTPEKEIQTGYFSPRGSHSSHGSHDSSASSNISLDDARMSDVNNSPNVFHDDPDTIDEKLSMYWKAANETVIREPYDYIAGIPGKEIRRKLLEAFNHWYKVDEQSCQAIATTVGMAHNASLLIDDIQDSSKLRRGVPCAHEVFGIAQTINSANYVYFLAQNQLFRLRSWPQAISVFNEEMVNLHRGQGMELFWRDNLLPPSMDDYLQMIANKTGGLFRMIVRLLQTSSRQVIDVEQLVDVLGLYFQILDDYKNIREEKMAAQKGFFEDLTEGKFSFPICHAIGEGAKNRTALLHMLRLKTDDMKIKQEAVCILDNAGSLDYTREVLYGLDRKARSLLREFKTPNPFMEALLDAMLSSLQACH,2.5.1.-;2.5.1.1;2.5.1.10;2.5.1.29,GO:0004337;GO:0004161;GO:0004311;GO:0046872;GO:0046165;GO:0008299;GO:0043386;GO:0016114,2: Evidence at transcript level,,A0A1U8QLG8
A0A7U2QYM2,GCNE_ASPFN,Histone acetyltransferase gcnE,gcnE,Aspergillus flavus (strain ATCC 200026 / FGSC A1120 / IAM 13836 / NRRL 3357 / JCM 12722 / SRRC 167),402,MASENNKRKASEEALSPDSQLQSKKARTDSPEREPKSEGGPLGKPPLRIVPFPEKPAVLEERRGEIEFRVVNNDGSRDSFVVLTGLKCIFQKQLPKMPKDYIARLVYDRSHLSIAIVKHPLEVVGGITYRPFNSRRFAEIVFCAISSDQQVKGYGAHLMSHLKDYVKATSPIMHFLTYADNYAIGYFKKQGFTKEITLDKSIWMGYIKDYEGGTIMQCTMLPKIRYLEIGRMLLKQKEAVHAKIRAFSRSHIIHAPPKEWKNGACKIDPLSIPAIKQSGWSPDMDELARQPRHGPNYNQLLHLLNDMQNHSAAWPFTQPVNRDEVPDYYEVIKEPMDLSTMEEKHEKDMYPTPQDFIKDAMLIFDNCRRYNNENTPYAKSANKLEKFMWQQIRNIPEWSVST,2.3.1.-;2.3.1.48,GO:0140671;GO:0000775;GO:0005829;GO:0005634;GO:0000124;GO:0046695;GO:0140068;GO:0036408;GO:0043993;GO:0043992;GO:0140566;GO:0070577;GO:0003712;GO:0010515;GO:0032968;GO:0045815,1: Evidence at protein level,,A0A7U2QYM2
A2R3H4,UBA4_ASPNC,Adenylyltransferase and sulfurtransferase uba4,uba4,Aspergillus niger (strain ATCC MYA-4892 / CBS 513.88 / FGSC A1513),482,MNGVEQTCASLRTQIAATEAKLADLKRELEIAEQAAASHKQNAADAEGGSERRWPLLDEEYRRYGRQMIVPQLGIQGQLKLRSAKVLIVGAGGLGCPAALYLAGAGVGTLGLVDGDAVESSNLHRQVLHRTRNIGKLKVDSAIEYLKELNPHSKYIAHREHLAPEAAPEIFSNYDLILDCTDNPATRYLISDTAVLLGKPLVSASALRTEGQLMVLNNPPRPAGDKTGGPCYRCVFPKPPPANTVTSCADGGIVGPVVGTMGVLQALEAIKVITADETTTPPPPSLHIFSAYSTPLFRTIKLRSRRPNCAVCSAEASVTVDTVRSGSTDYIFFCGTTGPENLLSPEERITPLEYRTRHHDKEEKEPTIIDVREKVQYDICSLENSINIPISTILASASSSMSNGDSLADGVPALPSWVPPDVASSQSTDPVYVVCRLGNDSQVAVKKLKELGLDQGGKRVVADIRGGFRAWKEQVDPEWPEY,,GO:0005829;GO:0070733;GO:0005524;GO:0042802;GO:0046872;GO:0061605;GO:0061604;GO:0004792;GO:0042292;GO:0007114;GO:0034599;GO:0001403;GO:0006777;GO:0032447;GO:2000220;GO:0002143,3: Inferred from homology,,A2R3H4
B0Y4X4,MPKA_ASPFC,Mitogen-activated protein kinase mpkA,mpkA,Aspergillus fumigatus (strain CBS 144.89 / FGSC A1163 / CEA10),424,MSDLQGRKVFKVFNQDFIVDERYNVTKELGQGAYGIVCAATNVHTGEGVAIKKVTNVFSKKILAKRALREIKLLQHFRGHRNITCLYDMDIPRPDNFNETYLYEELMECDLAAIIRSGQPLTDAHFQSFIYQILCGLKYIHSANVLHRDLKPGNLLVNADCELKICDFGLARGFSIDPEENAGYMTEYVATRWYRAPEIMLSFQSYTKAIDVWSVGCILAELLGGRPFFKGRDYVDQLNQILHYLGTPNEETLSRIGSPRAQEYVRNLPFMPKIPFQRLFPNANPDALDLLDRMLAFDPASRISVEEALEHPYLHIWHDASDEPTCPTTFDFHFEVVDDVQEMRKMIYDEVVRFRNLVRQQSQAQAAAAAQQQQQQIAQQTNVPIPDHQQGGWKQEEPKPQEVHAAGGHVNDLESSLQRGMDVQ,2.7.11.24,GO:0005737;GO:0005634;GO:0005524;GO:0004707;GO:0106310;GO:0000196;GO:1902660;GO:1902413;GO:1905665;GO:0050850;GO:0032995,1: Evidence at protein level,,B0Y4X4
C8VBH4,ESA1_EMENI,Histone acetyltransferase esa1,esa1,Emericella nidulans (strain FGSC A4 / ATCC 38163 / CBS 112.46 / NRRL 194 / M139),508,MGVRDSHGEAAGTPDPVEKGIATLNTIRIGVKAMVHKDGALRKAEILSIKQRKDGLAFYVHYVDFNKRLDEWVASSRLDLSQEVEWPQPEKPEKKKSGPAKAPSKNKRVRAGSRDVSATPDTLTGKNTNVGKAQRPSKAGGKENRGDETPADLSMLASEAVSADGTPKAVSEDIDMMDASFTDAKEIKEEERALGLMSREEEIEKLRTSGSMTQNPTEVHRVRNLDRLQMGKYDIEPWYFSPYPASFSDAEVVYIDEFCLSYFDNKRAFERHRTKCTLTHPPGNEIYRDDNISFFEVDGRRQRTWCRNLCLLSKLFLDHKTLYYDVDPFLFYCMCTRDETGCHLVGYFSKEKESGEGYNLACILTLPQYQRRGYGRLLISFSYELSKREGKVGSPEKPLSDLGLLGYRQYWRETLVEILLDSGRETVSENELAMLTSMTEKDVHETLVTFKMLRYNKGQWIIVLTDEVIEERNKRLEKEKIKGSRKIDPARLQWKPPVFTASSRTWNW,2.3.1.-;2.3.1.48,GO:0000785;GO:0035267;GO:0000786;GO:0005634;GO:0032777;GO:0003682;GO:0004402;GO:0140068;GO:0043997;GO:0106226;GO:0003712;GO:0006281;GO:0006354;GO:0016239;GO:0032968;GO:0010867;GO:0000183;GO:0051726;GO:1900376;GO:0006357,3: Inferred from homology,,C8VBH4
D1D8L6,CDNTP_ASPFM,Cyclic dipeptide prenyltransferase,cdpNPT,Aspergillus fumigatus,440,MDGEMTASPPDISACDTSAVDEQTGQSGQSQAPIPKDIAYHTLTKALLFPDIDQYQHWHHVAPMLAKMLVDGKYSIHQQYEYLCLFAQLVAPVLGPYPSPGRDVYRCTLGGNMTVELSQNFQRSGSTTRIAFEPVRYQASVGHDRFNRTSVNAFFSQLQLLVKSVNIELHHLLSEHLTLTAKDERNLNEEQLTKYLTNFQVKTQYVVALDLRKTGIVAKEYFFPGIKCAATGQTGSNACFGAIRAVDKDGHLDSLCQLIEAHFQQSKIDDAFLCCDLVDPAHTRFKVYIADPLVTLARAEEHWTLGGRLTDEDAAVGLEIIRGLWSELGIIQGPLEPSAMMEKGLLPIMLNYEMKAGQRLPKPKLYMPLTGIPETKIARIMTAFFQRHDMPEQAEVFMENLQAYYEGKNLEEATRYQAWLSFAYTKEKGPYLSIYYFWPE,2.5.1.-;3.4.11.17,GO:0004177;GO:0004659;GO:0009820;GO:0006508,1: Evidence at protein level,4E0T;4E0U;7XVJ;7Y3V,D1D8L6
D4B387,GGT1_ARTBC,Glutathione hydrolase proenzyme,,Arthroderma benhamiae (strain ATCC MYA-4681 / CBS 112371),584,MAPAAMNLLCTVLYLLSSFAQVSDAAPWLFSRSIPASYHDGRLGAVASENSMCSEYGADMLKIGGNAADAVCIYRLSLFFAFLPYPALQEDRAMYHSGIGGGGFMLIRAPNGTYEFIDFRETAPAAAFQDMFKNNTSGSTSGGLASGVPGEVRGLEYLHKNYGKLPWKTVMEPAIRTARDGFRVTEDLSRIMLHSTKNGNFLAENAAWALDFAPQGTLLKVGDIITRRRYGDTLDKIAKYGADAFYTGPMAQAMVNALRAANGTMTLEDLKNYTVVSRPTAQIEYRGMTVTSTTAPSSGVVLLSILKLLNGYKNFFRMDPGPLSTHRMDEAIRFGYGQRTELGDPLFFSNLTDYQKKMISDEAANKNRMNISDEYTQDIAVYDPKGLESLNTPGTSHISTADRSGMAVSLTTTINLYFGSRVIVPETGIIMNNEMDDFSVPGRSNSFGYKPSPSNFIRPGKRPLSSICPTIITRPDGSLYFVSGAAGGSQIITGTLQSVINVMDRKMNVRQALKAPRLHDQLVPNVALMEDEFDKKTVDFMISRKHNVTREKSGSTVESIMRLKNGVFEASGEPRLANSGGVVV,2.3.2.2;3.4.19.13;3.4.19.14,GO:0005576;GO:0005886;GO:0036374;GO:0103068;GO:0002951;GO:0006750;GO:0006751;GO:0006508,1: Evidence at protein level,,D4B387
O59954,UBA4_EMENI,Adenylyltransferase and sulfurtransferase uba4,uba4,Emericella nidulans (strain FGSC A4 / ATCC 38163 / CBS 112.46 / NRRL 194 / M139),482,MEDLETRCASLRTEIAAAEAQLTKLKRELHEAEGAALRAQSQKTASANATTGQRTKSKWPLHGEEYRRYGRQMIVPQFGLQGQLKLRDAKVLIVGAGGLGCPAALYLAGAGVGTIGLVDGDTVEASNLHRQVLHRSRNVGKLKVDSAIEYLRELNPHPTYIAHQAHLTPREAPDIFKDYDLILDCTDNPATRYLISDTAVLLGKPLVSASALRTEGQLMVLNNPPQPPGDKTGGPCYRCVFPKPPPANSVTSCADGGILGPVVGTMGVLQASEAIKVLTSAGESVEATPPSLLIFSAYSSPQFRTIKLRSRRPNCAVCSAEATVTLESVRSGSMDYVFFCGTVDPADILSPEERISPSEYGNVDSAGAQRHIIDVREKVQFDICSLENSINIPMSTILASAYSAPTLDADEPKRLPSWLPPEVAHESNKPIYVVCRQGNDSQTVVRKLKELGLDHGGERPVVDIKGGFRSWREQVDPDWPDY,,GO:0005737;GO:0005829;GO:0005524;GO:0046872;GO:0061605;GO:0061604;GO:0016779;GO:0004792;GO:0042292;GO:0006777;GO:0032447;GO:0002143,1: Evidence at protein level,,O59954
P11837,NIMA_EMENI,G2-specific protein kinase nimA,nimA,Emericella nidulans (strain FGSC A4 / ATCC 38163 / CBS 112.46 / NRRL 194 / M139),699,MAIALAEADKYEVLEKIGCGSFGIIRKVKRKSDGFILCRKEINYIKMSTKEREQLTAEFNILSSLRHPNIVAYYHREHLKASQDLYLYMEYCGGGDLSMVIKNLKRTNKYAEEDFVWRILSQLVTALYRCHYGTDPAEVGSNLLGPAPKPSGLKGKQAQMTILHRDLKPENIFLGSDNTVKLGDFGLSKLMHSHDFASTYVGTPFYMSPEICAAEKYTLRSDIWAVGCIMYELCQREPPFNARTHIQLVQKIREGKFAPLPDFYSSELKNVIASCLRVNPDHRPDTATLINTPVIRLMRREVELNNLSRAARKREEATMQKAKDVEQAFAKLEKEKQQIRSELENSIRREWEVKARLEIDRQVQNELDKLRKRFECEVQDRVAQEVEKQRRNANYREDASLRSSGHSSQMSSSNSEDSDFPSSTDISQLSLESPTNKAAKLPKKESRTPFTRSKTVVDSPMDIQMAEPSPISIASLSLSPRRTSATYSGKNIFAEGERKRPKFEPTLAYSDDEDDTPELPSPTRPKVKPDPFKAPSRPLLRQNTTALMQKLSTQPPIFPANPSRLPQMSAPDVRESKSRSPHRRLSKIPSSANLAADAGSPTRKNGVKSSPSKMNGGDEMFKAVMQRNMGGRTLVELAQARAGGRPIDEVKRCASDSRSGCSVPMKSADRDPPAVWDPERDEMPSPFLARGRKVIRNLR,2.7.11.1,GO:0005737;GO:0044732;GO:0005634;GO:0005524;GO:0035175;GO:0004672;GO:0106310;GO:0004674;GO:0051301;GO:0007059;GO:0000086;GO:0045840,1: Evidence at protein level,,P11837
Q00771,KCC1A_EMENI,Calcium/calmodulin-dependent protein kinase cmkA,cmkA,Emericella nidulans (strain FGSC A4 / ATCC 38163 / CBS 112.46 / NRRL 194 / M139),414,MSFANMFNKLSGQPESYEKKSLYRFGRTLGAGTYGIVREADCSSGKVAVKIILKRNVRGNERMVYDELDLLQKLNHPHIVHFVDWFESKDKFYIVTQLATGGELFDRICEYGKFTEKDASQTIRQVLDAVNYLHQRNIVHRDLKPENLLYLTRDLDSQLVLADFGIAKMLDNPAEVLTSMAGSFGYAAPEVMLKQGHGKAVDIWSLGVITYTLLCGYSPFRSENLTDLIEECRSGRVVFHERYWKDVSKDAKDFILSLLQVDPAQRPTSEEALKHPWLKGESASDRDLLPEIRAYIARSRLKRGIEIIKLANRIEALKMQEEDEEDIPSAVDVQASEASDKSGLSPFPALSTENSNTHPASTGNGESGGTKKRSLSKIARGAIFREVVLAKVREMKENEEREKVEREARERAHS,2.7.11.17,GO:0005737;GO:0005829;GO:0005524;GO:0004683;GO:0005516;GO:0106310;GO:0051301;GO:0034599;GO:0000086;GO:0035556;GO:1904361;GO:0007165,1: Evidence at protein level,,Q00771
Q4WHG1,ESA1_ASPFU,Histone acetyltransferase esa1,esa1,Aspergillus fumigatus (strain ATCC MYA-4609 / CBS 101355 / FGSC A1100 / Af293),483,MLLLMFALLQDGELRKAEILSIRQRKDGPSFYVHYVDFNKRLDEWIDASRLDLSHEVEWPQPEKPEKKKTGVGNKAPSKNAQKRARADSRDVSATPDLLTGKNVNVGKAQRPSKAGGKENRDGTPLSMPIVTAEAISTDGTPKAESDDVEMVDVSFTDGKSIKEEERALGLMSREEEIERLRTSGSMTQNPTEIHRVRNLNRLQMGKYDIEPWYFSPYPASFSDADIIYIDEFCLSYFDDKRAFERHRTKCTLVHPPGNEIYRDDYISFFEVDGRRQRTWCRNLCLLSKLFLDHKTLYYDVDPFLFYCMCTRDETGCHLVGYFSKEKDSAEGYNLACILTLPQYQRRGFGRLLISFSYELSKREGKLGSPEKPLSDLGLLGYRQYWRETLVEILMEPGRETVSENELALLTSMTEKDVHETLVVLNMLRYYKGNWVIVLTDYVVEQHKKRLEKEKLKGARKIDPARLQWKPPVFTASSRTWNW,2.3.1.-;2.3.1.48,GO:0000785;GO:0035267;GO:0005634;GO:0005721;GO:0035861;GO:0000812;GO:0003682;GO:0004402;GO:0044016;GO:0106226;GO:0140065;GO:0140064;GO:0003712;GO:0006281;GO:0140861;GO:0031453;GO:0006357,3: Inferred from homology,,Q4WHG1
Q4WMW2,CRH4_ASPFU,Crh-like protein 4,crh4,Aspergillus fumigatus (strain ATCC MYA-4609 / CBS 101355 / FGSC A1100 / Af293),450,MRLSLVGVAIGLLSSSAIVTAQTYTDCNPLQKTCPPDPALGRSVTYDFTKGSSPDFKPVGSPTYDSNNGAAFSVAKQGDAPLIQSNWYMMFGHVEFVIKTAPGKGIVSSAVLQSDDLDEIDWEWLGANNLYVQTNYFGKGDTGSYNRGAAHDNAGNQDGFHTYTIDWTSTQIVWQIDGKTVRVLTAESAGDHFPQSPMMVKVGVWAGGDPNNAPGTIQWAGGETDYSAGPYTMYLKSLVATDYSTGKSYTYSDKSGSWRSITSDGGQINGNSDAESISTVESAPPVTATIDSAPIPFSGTHRETSSFVTPSIWPWVPKPTTLSSSVAKDTTLPSGWTFSGSRQVQPPSAASSTPPCTSSSLVSSLASPSHSGLKTSSISSVPNSSSATKSTGHLASTATYQISTYDSTLPSFSASIAHVAPTVAAANDLLEAPLGMGVFCALLGGLIAIF,,GO:0009277;GO:0000131;GO:0005886;GO:0098552;GO:0016757;GO:0004553;GO:0005975;GO:0006030;GO:0031505,3: Inferred from homology,,Q4WMW2
Q4WRY5,LAEA_ASPFU,Secondary metabolism regulator laeA,laeA,Aspergillus fumigatus (strain ATCC MYA-4609 / CBS 101355 / FGSC A1100 / Af293),373,MFLNGQGGQRPPMVAFPPLNVRGSISSGFNALGRSRNNSDAMDIYTITDRGPAAERDPAAGRWHANGSPSINSTSSKNPDRYPCYQENGRTYHGYRKGIYMLPCDEQEQDRLDIFHKLFTVARVSDGLIYAPHPTNGRFLDLGCGTGIWAIDVANKYPEAFVVGVDLAPIQPPNHPRNCDFYAPFDFESLWALGEDSWDLIHMQMGSGSVASWPNLYRRIYSHLRPGAWFEQVEIDFEPRCDDRSLEGLAIRQWYQLLKQATEETMRPVAHNSRETIRNLQEAGFTEIDHQMVGLPLNPWHEDEHERRVARWYNLAISESIETMSLAPFSRVFGWPIERIKQIAADVKSEAFNKEIHTYNILHIYQARKPLAN,2.1.1.-,GO:0005634;GO:0008168;GO:0032259;GO:1900691;GO:0043455;GO:1900376;GO:0044550;GO:0030435;GO:0052067,2: Evidence at transcript level,,Q4WRY5
Q4WSF6,HOG1_ASPFU,Mitogen-activated protein kinase sakA,sakA,Aspergillus fumigatus (strain ATCC MYA-4609 / CBS 101355 / FGSC A1100 / Af293),366,MAEFVRAQIFGTTFEITSRYTDLQPVGMGAFGLVCSARDQLTGQPVAVKKIMKPFSTPVLSKRTYRELKLLKHLRHENIISLSDIFISPLEDIYFVTELLGTDLHRLLTSRPLEKQFIQYFLYQILRGLKYVHSAGVVHRDLKPSNILINENCDLKICDFGLARIQDPQMTGYVSTRYYRAPEIMLTWQKYDVEVDIWSAGCIFAEMLEGKPLFPGKDHVNQFSIITELLGTPPDDVIQTICSENTLRFVKSLPKRERQPLANKFKNADPEAVDLLERMLVFDPKKRIRAGEALAHEYLSPYHDPTDEPEAEEKFDWSFNDADLPVDTWKIMMYSEILDFHNIDQGNDAGQVLMEGGVAQAQQNYA,2.7.11.24,GO:0005737;GO:0005634;GO:0005524;GO:0004707;GO:0106310;GO:0004674;GO:0071474;GO:0034605;GO:0071470;GO:0034599;GO:0007231;GO:0051403,1: Evidence at protein level,,Q4WSF6
Q4WZ67,EASL_ASPFU,Fumigaclavine A dimethylallyltransferase easL,easL,Aspergillus fumigatus (strain ATCC MYA-4609 / CBS 101355 / FGSC A1100 / Af293),436,MTKTDAQGRHPQETATHAATTDEEVQDQWRAPFEVLSRTLVFQHEDHRLWWERAASKLATYLRLAKYSVGSQYQHLLMFYSVYAPNLGPWPNDKRDNVHWVCGICPGGENLEISMNYQQGAKCTVRIAAETITPAAGTDKDPFNLTAEKKMIEDLKALQPNLNFTWFNHFQREVLVPEEVALNNDEIISKVPFKNQRLHGLDLSEGAFMLKSYFMPAIRSAITGVENTQIMFESIRKLNLKNANFISALSTLEDWMVPTNGRFMEYWDGISYDAVDACKARIKIYTGIRMKSIEHARDVWTLGGRLQGEDIEKGFDLVARLWRRLMDEEPSTCEMKYWMQWVWELRTDVPFPVPKLYFSVAAAEDHYVSDTVVEILDYLGWDDLVQTHRALMDEAWSLGQTTKSYLAFSYISVTFHSIKGPYITTYGNPSGPRPVF,2.5.1.100;3.4.11.17,GO:0004177;GO:0004161;GO:0008233;GO:0004659;GO:0042803;GO:0016765;GO:0009821;GO:0035837;GO:1900809;GO:0006508,1: Evidence at protein level,,Q4WZ67
Q4X1A8,YPKA_ASPFU,Serine/threonine protein kinase ypkA,ypkA,Aspergillus fumigatus (strain ATCC MYA-4609 / CBS 101355 / FGSC A1100 / Af293),637,MSWKLTKKLKDTHLAPLTNTFTRSSSTSTIKNESGEETPVVSQTPSISSTNSNGINASESLVSPPVDPVKPGILIVTLHEGRGFALSPHFQQVFTSHFQNNNYSSSVRPSSSSSHSTHGQTASFAQSGRPQSTSGGINAAPTIHGRYSTKYLPYALLDFEKNQVFVDAVSGTPENPLWAGDNTAFKFDVSRKTELNVQLYLRNPSARPGAGRSEDIFLGAVRVLPRFEEAQPYVDDPKLSKKDNQKAAAAHANNERHLGQLGAEWLDLQFGTGSIKIGVSFVENKQRSLKLEDFDLLKVVGKGSFGKVMQVMKKDTGRIYALKTIRKAHIISRSEVTHTLAERSVLAQINNPFIVPLKFSFQSPEKLYLVLAFVNGGELFHHLQREQRFDINRARFYTAELLCALECLHGFKVIYRDLKPENILLDYTGHIALCDFGLCKLDMKDEDRTNTFCGTPEYLAPELLLGNGYTKTVDWWTLGVLLYEMLTGLPPFYDENTNDMYRKILQEPLTFPSSDIVPPAARDLLTRLLDRDPQRRLGANGAAEIKSHHFFANIDWRKLLQRKYEPSFRPNVMGASDTTNFDTEFTSEAPQDSYVDGPVLSQTMQQQFAGWSYNRPVAGLGDAGGSVKDPSFGSIPE,2.7.11.1,GO:0000785;GO:0005737;GO:0005634;GO:0005524;GO:0106310;GO:0004674;GO:1903940;GO:1900237;GO:0045944,1: Evidence at protein level,,Q4X1A8
Q9TEM3,PRPC_EMENI,"2-methylcitrate synthase, mitochondrial",mcsA,Emericella nidulans (strain FGSC A4 / ATCC 38163 / CBS 112.46 / NRRL 194 / M139),460,MALPLRTARHASRLAQTIGRRGYATAEPDLKSALKAVIPAKRELLAEVKKQGDEVIGEVKVSNVIGGMRGLKSMLWEGSVLDADEGIRFHGKTIKDCQKELPKGPTGTEMLPEAMFWLLLTGEVPSTSQVRAFSKQLAEESHLPDHILDLAKSFPKHMHPMTQISIITAALNTESKFAKLYEKGINKADYWEPTFDDAISLLAKIPRVAALVFRPNEIDVVGRQKLDPAQDWSYNFAELLGKGGANNADFHDLLRLYLALHGDHEGGNVSAHATHLVGSALSDPFLSYSAGLLGLAGPLHGLAAQEVLRWILAMQEKIGTKFTDEDVRAYLWDTLKSGRVVPGYGHGVLRKPDPRFQALMDFAATRKDVLANPVFQLVKKNSEIAPGVLTEHGKTKNPHPNVDAASGVLFYHYGFQQPLYYTVTFGVSRALGPLVQLIWDRALGLPIERPKSINLLGLKK,2.3.3.16;2.3.3.5,GO:0005759;GO:0050440;GO:0004108;GO:0005975;GO:0019629;GO:0019679;GO:0045461;GO:0006099,1: Evidence at protein level,,Q9TEM3
A0A0B5L781,MPAG2_PENBR,O-methyltransferase mpaG',mpaG',Penicillium brevicompactum,398,MSAASPASIIQELASAAKQYENNESGAREALIAQSRALIASLEVPSEFIQHTFWSQPALSAIVRLATDVNLFQYLKDAQEEGLNAEALASKTGMDVSLFARLARHLVAMNVITSRNGVFYGTALSNGLAAENYQQSIRFCHDVSRPSFGAFPSFFKGNGYKTPALGTTDGPFQSAHKVDISFPQWLVGNPPYLQYFNSYMSAYRAGKPNWCDNGFYPVADRLLNGFDASVSDVLLVDVGGGRGHDIATFGSQFSPLPGRLVLQDREQVINSIPADESRQFEATTHDIFTTQPVKHARAYYMHSVPHGFGDEDAVKIMANLVPALAKGYSRVLLNEIVVDEERPVMSATNMDLIMLAHMGAKERTEADWRSILTRAGLKVVNIYSYPGVAESLIEAELA,2.1.1.-,GO:0005829;GO:0008168;GO:0008171;GO:0016218;GO:0032259;GO:0140722;GO:0016114,1: Evidence at protein level,8XTE;8XTF;8XTG,A0A0B5L781
A1DED8,UBA4_NEOFI,Adenylyltransferase and sulfurtransferase uba4,uba4,Neosartorya fischeri (strain ATCC 1020 / DSM 3700 / CBS 544.65 / FGSC A1164 / JCM 1740 / NRRL 181 / WB 181),483,MENLEQTCASLRAQIAATEAQLAGLKRELEIAEQAAADVKAQDTTITITADEGRINGTRTWPLLSEEYKRYGRQMIVPQVGLQGQLKLRSARVLIVGAGGLGCPAALYLAGAGVGTLGLVDGDTVENSNLHRQVLHRSKNVGKFKVDSAIEYLREAHLTPQEAPSIFKDYDIILDCTDNPATRYLISDTAVLLGKPLVSASALRTEGQLMVLNYPPRPVGDKSGGPCYRCVFPKPPPANSVVSCADGGILGPVVGTMGVLQALEAIKVITSPAVNPSASPPSLLIFSAYSTPPFRTIRLRARRANCAVCSADASVTLETLKIGSTDYVFFCGVAGLEATLSPEERISPLELRKRHPKEVPQDGGSISKEPTIIDVREKVQFDICNLEHSVNIPISTILSSASNAANADANAQPSLPSWLPRELASADSTNPIYVVCRHGNDSQIAVRRLKELGLDRGGQRYVGDIQGGLRAWREQIDPDWPEY,,GO:0005829;GO:0070733;GO:0005524;GO:0042802;GO:0046872;GO:0061605;GO:0061604;GO:0004792;GO:0042292;GO:0007114;GO:0034599;GO:0001403;GO:0006777;GO:0032447;GO:2000220;GO:0002143,3: Inferred from homology,,A1DED8
B0XMC1,ER10A_ASPFC,"Acetyl-CoA acetyltransferase erg10A, mitochondrial",erg10A,Aspergillus fumigatus (strain CBS 144.89 / FGSC A1163 / CEA10),433,MAIQTTTGLAARLVAKRATFPASRRNFSASRSALKEIQEAYILSGARTPTAKFNGSFVSVSAPELGAVAIKSAVSKSGVPVEKITDVYMGNVLQGAVGQAPARQASMFAGLSPTVESMTVNKVCASGLKAVALAAQNIQLGLAEAQVAGGMENMSRVPYYLPRSTQLPPFGEIKLQDGLIQDGLWDVYNQFHMGICAEKTAKKYEISREEQDQYAIQSYQRAQAAWKENKFAEEIAPVTVKGKKGETVVERDEGYENLRIDKMATLKPAFLRDGTGTVTAGNASTMNDGASALVLGSKAIAREFAQGNRALARIVSTADAAIDPVDFPVAPAKAVPIALERAGITKDQVAVWEFNEAFAAVIKANEKILGLQNARVNPLGGAISLGHALGSSGSRILVTLLHQLQPGEYGVAAICNGGGAATAMVVQKLDRVD,2.3.1.9,GO:0005739;GO:0003985;GO:0046872;GO:0006635,1: Evidence at protein level,6L2C;6L2G,B0XMC1
B0YA65,ER10B_ASPFC,"Acetyl-CoA acetyltransferase erg10B, cytosolic",erg10B,Aspergillus fumigatus (strain CBS 144.89 / FGSC A1163 / CEA10),398,MSSLPAVYIVSSARTPVGSFLGSLSSLTAPQLGAHAIKAALAKVDGLKPSDVQEVFFGNVISANVGQNPARQCALGAGLEESTICTTVNKVCASGLKAIILGAQTIMTGNADVVVAGGTESMSNAPHYLPNLRTGAKYGHQSLVDGIMKDGLTDAGKQELMGLQAEECAQDHGFSREQQDEYAIRTYEKAQAAQKAGLFDEEIAPIQLPGFRGKPDVTVTQDEEPKNLNPEKLRAIKPAFIPGSGTVTAPNSSPLNDGAAAVVLVSEAKLKELNLKPVAKILGWGDAAQQPSKFTTAPALAIPKALKHAGVGQDAIDAFEINEAFSVVALANMKLLGIPEEKVNLHGGAVAIGHPIGASGARILTTLLGVLKAKKGKLGCAGICNGGGGASALVVELL,2.3.1.9,GO:0005829;GO:0005739;GO:0003985;GO:0046872;GO:0006696;GO:0006635,1: Evidence at protein level,,B0YA65
Q0CFD4,UBA4_ASPTN,Adenylyltransferase and sulfurtransferase uba4,uba4,Aspergillus terreus (strain NIH 2624 / FGSC A1156),484,MDDLESTCASLRAQISATETQLAGLKRALHEAEQAAAHAKAQSAAATTAGDNHDKPRRWPLLDEEYRRYGRQMIVPQLGLPGQLKLRSARVLIVGAGGLGCPAALYLAGAGVGTLGLIDGDMVDVSNLHRQVLHRSANVGKLKVDSAIEYLRELNPHPTYIPHRAHLTPQEAPEIFQNYDVILDCTDNPATRYLISDTAVLLGKPLVSASALRTEGQLMVLNNPPRPAGDKTGGPCYRCVFPKPPPANSILSCADGGILGPVVGTMGVLQALEAIKVITSTEDEVRPPSLHIFSAYSSPPFRSIKLRSRRANCAVCSAERQVTLDTLRSGLTDYVFFCGSVSPEAVLTAEERIAPREYRAMYPAPTEGAPEKTPTLIDVREKVQYDICNLAESINIPISTIQASAAGSGDETGSSLPAWLPPEIASTDSTDPIYVVCRMGNDSQLAVRRLKELGLDRGGARVVADIQGGFRAWREQVDPEWPEY,,GO:0005829;GO:0070733;GO:0005524;GO:0042802;GO:0046872;GO:0061605;GO:0061604;GO:0004792;GO:0042292;GO:0007114;GO:0034599;GO:0001403;GO:0006777;GO:0032447;GO:2000220;GO:0002143,3: Inferred from homology,,Q0CFD4
Q2U852,CSYB_ASPOR,Acylalkylpyrone synthase csyB,csyB,Aspergillus oryzae (strain ATCC 42149 / RIB 40),397,MIEPLPTEDIPKQSVSIVGIASRCAPHKLGADELEAIARRHYSSTPSLEKMLEINRKTRIDHRYSVFSSDHEHWHRPTIPSFSECDSLFKEYGIPLASAASARAIQDWGGVPDEITHLVAVTCTNTAHPGFDSVLCRKLGLKCNVRRVLLHGIGCGGGISAMRVAHELLLGSTQQGVPARALIVACEVPTVFARSELDIMDKTQDVNVAMCLFGDCAAALVLSNGIGHKASEQRPIWNILNCEPTQFDGTEDIAHFNVHDKGYHAIIDKRIPQLTGKCVPAGFQSLISSTPSLALEEKNYVPSNYGWAVHPGGYAVLVAAQDALGLTADDLRASYDAYRDGGNTISTTIIRILEKLRDEHKHGSNQKDKLVLAAIGHGITLETAILTRPGSSSYLHA,2.3.1.-,GO:0034083;GO:0016210;GO:0090439;GO:0030639,1: Evidence at protein level,3WXY;3WXZ;3WY0,Q2U852
Q4WAW7,FTMB_ASPFU,Tryprostatin B synthase ftmPT1,ftmPT1,Aspergillus fumigatus (strain ATCC MYA-4609 / CBS 101355 / FGSC A1100 / Af293),464,MPPAPPDQKPCHQLQPAPYRALSESILFGSVDEERWWHSTAPILSRLLISSNYDVDVQYKYLSLYRHLVLPALGPYPQRDPETGIIATQWRSGMVLTGLPIEFSNNVARALIRIGVDPVTADSGTAQDPFNTTRPKVYLETAARLLPGVDLTRFYEFETELVITKAEEAVLQANPDLFRSPWKSQILTAMDLQKSGTVLVKAYFYPQPKSAVTGRSTEDLLVNAIRKVDREGRFETQLANLQRYIERRRRGLHVPGVTADKPPATAADKAFDACSFFPHFLSTDLVEPGKSRVKFYASERHVNLQMVEDIWTFGGLRRDPDALRGLELLRHFWADIQMREGYYTMPRGFCELGKSSAGFEAPMMFHFHLDGSQSPFPDPQMYVCVFGMNSRKLVEGLTTFYRRVGWEEMASHYQGNFLANYPDEDFEKAAHLCAYVSFAYKNGGAYVTLYNHSFNPVGDVSFPN,2.5.1.106;3.4.11.17,GO:0004177;GO:0004659;GO:0006508;GO:1902181,1: Evidence at protein level,3O24;3O2K,Q4WAW7
Q4WF55,SIDF_ASPFU,N(5)-hydroxyornithine:cis-anhydromevalonyl coenzyme A-N(5)-transacylase sidF,sidF,Aspergillus fumigatus (strain ATCC MYA-4609 / CBS 101355 / FGSC A1100 / Af293),462,MATQSSTELPQINMTTAEPTSANKRTYPWVKLPHPYLTSYAIHVVSESTPRVLQLRLHDDQKGQALPEPLHSASLTYTDIAFDEAAQEIPDNDNSPWARSRRAPGTSFHWTGQEPPTLGQIWNVIHALFLTYPQHEIVRLDLNGSGKDIIREECLRTGLAVPFPSPRVPFGTENRPSETDTLILLRSAFWQGAGSPVGPRPIWAVDHGIHGLLRRSGSSYPPLAQNYEFSMKFPSERIYTRHPIRPQKPAPGSLVYSRYIPHLDQHFSLMVVDWQNEEHLQLFHKWQNDPRVAKGWNETGDLEHHRNYLRQLHEDKHVLCLFGRFDDFPFSYFEVYWAKEDHYGAHYDAGDYDRGRHSLVGESSVRGAYRVNAWWSSLIHYIFLDEPRTMCVVGEPKATNTTVLSYENAHGLTVQKYVDLGHKRSVHVYCSREKWFQLCPLFWDGRERPLESSDRMAWDAKL,2.3.1.-,GO:0005777;GO:0016410;GO:0006696;GO:1900551;GO:0019290,1: Evidence at protein level,7QF6;8KD8,Q4WF55
Q4WYG3,7DMAW_ASPFU,7-dimethylallyltryptophan synthase,etpPT,Aspergillus fumigatus (strain ATCC MYA-4609 / CBS 101355 / FGSC A1100 / Af293),472,MSIGAEIDSLVPAPPGLNGTAAGYPAKTQKELSNGDFDAHDGLSLAQLTPYDVLTAALPLPAPASSTGFWWRETGPVMSKLLAKANYPLYTHYKYLMLYHTHILPLLGPRPPLENSTHPSPSNAPWRSFLTDDFTPLEPSWNVNGNSEAQSTIRLGIEPIGFEAGAAADPFNQAAVTQFMHSYEATEVGATLTLFEHFRNDMFVGPETYAALRAKIPEGEHTTQSFLAFDLDAGRVTTKAYFFPILMSLKTGQSTTKVVSDSILHLALKSEVWGVQTIAAMSVMEAWIGSYGGAAKTEMISVDCVNEADSRIKIYVRMPHTSLRKVKEAYCLGGRLTDENTKEGLKLLDELWRTVFGIDDEDAELPQNSHRTAGTIFNFELRPGKWFPEPKVYLPVRHYCESDMQIASRLQTFFGRLGWHNMEKDYCKHLEDLFPHHPLSSSTGTHTFLSFSYKKQKGVYMTMYYNLRVYST,2.5.1.80;3.4.11.17,GO:0004177;GO:0004161;GO:0008233;GO:0004659;GO:0009821;GO:0006508;GO:0044550,1: Evidence at protein level,,Q4WYG3
Q4X1W0,PPTA_ASPFU,4'-phosphopantetheinyl transferase A,pptA,Aspergillus fumigatus (strain ATCC MYA-4609 / CBS 101355 / FGSC A1100 / Af293),359,MGSAQNERIPSLTRWYIDTRQLTVTNPSLPLLEALQPSDQEAVKRFYHLRDRHMSLASNLLKYLFIHRSCCIPWNKISISRTPDPHRRPCFIPSPALTEATDEPIPGIEFNVSHQASLVALAGTIIPQSHGASPNPTTVFANPSPSSVPAPSVPQVGIDITCVDERHARTSSAPSTRDQLAGYVDIFAEVFSSRELDTIKNLGGRFPADAQDGEAVEYGLRLFYTYWALKEAYIKMTGEALLAPWLRELEFTDVIAPEPAPAPGQGSAENWGEPYTGVKIWLYGKRVEDVRIEVVAFETGYIFATAARGAGLGAESRPLSRDAGVAVSVDRWMHMEKIDIDRDIAPCATGVCQCTKKQP,2.7.8.7,GO:0005829;GO:0008897;GO:0000287;GO:0140614;GO:1902086;GO:1900809;GO:1900781;GO:2001310;GO:0009085;GO:0019878;GO:1900551;GO:0043324,1: Evidence at protein level,,Q4X1W0
Q9P419,HOG1_EMENI,Mitogen-activated protein kinase hog1,hog1,Emericella nidulans (strain FGSC A4 / ATCC 38163 / CBS 112.46 / NRRL 194 / M139),379,MAEFVRAQIFGTTFEITSRYTDLQPVGMGAFGLVCSARDQLTAQPVAVKKIMKPFSTPVLSKRTYRELKLLKHLRHENIISLSDIFISPLEDIYFVTELLGTDLHRLISSRPLEKQFIQYFLYQIMRGLKYVHSAGVVHRDLKPSNILINENCDLKICDFGLARIQDPQMTGYVSTRYYRAPEIMLTWQKYDAKVDVWSAACIFAEMLLGAPLFPGKDHVNQFSIITELLGTPPDDVIQTICSENTLRFVKSLPKREPQDLAKLPKFLALVHPDKKPEEDEDYKNTINLLKAMLVYNPKDRISAEAALAAPYLAPYHDETDEPVAEEKFDWSFNDADLPVDTWKIMMYSEILDFHNIDQGGDINPALVEGAGLNQQGFQ,2.7.11.24,GO:0005737;GO:0005634;GO:0005524;GO:0004707;GO:0106310;GO:0004674;GO:0071474;GO:0034599;GO:0007163;GO:0006972;GO:0007231;GO:0006468;GO:0051403,1: Evidence at protein level,,Q9P419
Q9Y899,KCC1B_EMEND,Calcium/calmodulin-dependent protein kinase cmkB,cmkB,Emericella nidulans,404,MASQVQPGQKPKVQPCRYKTGKTLGAGLYSVVKECVHIDTGQYYAAKVINKRLMVGREHMVRNEIAILKQVSTGHQNILTLVDYFETMNNLYLVTDLALGGELFDRICRKGSYYESDAADLVRAILSAVAYLHDHGIVHRDLKPENLLFRTPEDNADLLIADFGLSRIMDEEQLHVLTTTCGTPGYMAPEIFDKSGHGKPVDIWAIGLITYFMLCGYTPFDRETNLEEVQAIATANFSFTPVEYWRGVSQEARDFIKRCLTVNPKKRMTAHQALQHPWINPPYDTTDDLGSGEDLLPNIKKNFNARRTLHKAIDTVRAINKLRENGGLMMDGIMSVDPKPEHVNGSEVVEDRTTPRERENEDAMEIDSRSNARGQTEQQIREQERKVKETVAGLWSRTAPRSER,2.7.11.17,GO:0005524;GO:0004683;GO:0005516;GO:0106310;GO:0051301,1: Evidence at protein level,,Q9Y899
A0A0C1EH92,STMC_ASPUT,UDP-glycosyltransferase stmC,stmC,Aspergillus ustus,535,MTILSAERAPSRKILAVVTVGRYTCAAPILEICRILHTRGHTIEFACLDGHQRLATPHAFVSKIHVVGRNMSVEEDKSLYRLFDESDASTAQGRKGTFRALQFFHSWWPETYRNLKALVSNPEHRPDFILADLLADACIDIMNEFHIPLAVHYPQMPIQMAPQKYIPGMPGAQLKHLSSEHASLWERLMEEYHVLQLLFAMKDYIFFQRNMRREAGLGPRPPPRKPDYLVLVNSFFGLEVPKDLPPLMIPIGPVMADSFPLMEPSSGLVEFLESRKQVIYVAFGSHVELPGWRVRRLIDGLDQALAAGDIDGVIWAWKNPMPILEDSETSTTTDGISDSKTDYNAVLRNQDERIRIMHWAPQRAILAHPSTCLYLSHCGASSTMEAVYHGVPVVAMPIYGDQLANGKRLEAAGVGINMNRNNFTAEGLAQNIGRIVRDDDGLFARNVLRLQRIATANSRRKHVAADRIEEVMYDSELRFGDGSKQGVELRPTHLQTPDSRMSWVRASNLDLYIVCIAFVAVPVGVARWLSKVWFA,2.4.1.-,GO:0016020;GO:0008194,1: Evidence at protein level,,A0A0C1EH92
A0A0E3D8M9,JANG_PENJA,Geranylgeranyl pyrophosphate synthase janG,janG,Penicillium janthinellum,364,MLYFLAETIFGFICQYVPIGFWNGYSPAPTDRYRRLDLKSSQGFRAEPNLAPLPTTKPRRERYYGPNQIIRAPLDYLLSIPGKDIRGKLINAFNEWLQLPDDKLAIVKEVINLLHTASLLIDDIQDGSRLRRGRPVAHEVFGVAQTINAANYAYFLQQERLSEIGDPRAFHIFTNALLDLHRGQGMDLYWREAVVCPTEEEYIRMVIYKTGGLFRLALELMQVQSNSTTDFSELVELLGIIFQIRDDYMNLQSGLYAEKKGSMEDLTEGKFSYPVIHSIHAAPENSMLVDILKQRTEDNVVKVRAVHYMESTGSFQYCRENLARLTKQARHHVKELEVSLGPNRGIHAILDLLHVQQPNEKPLV,2.5.1.-;2.5.1.1;2.5.1.10;2.5.1.29,GO:0004337;GO:0004161;GO:0004311;GO:0046872;GO:0046165;GO:0008299;GO:0043386,3: Inferred from homology,,A0A0E3D8M9
A0A7G5KET3,PGK1_ASPFN,Phosphoglycerate kinase,pgk1,Aspergillus flavus (strain ATCC 200026 / FGSC A1120 / IAM 13836 / NRRL 3357 / JCM 12722 / SRRC 167),417,MSLSNKLAITDVDLKDKRVLIRVDFNVPLDADKKITNNQRIVGALPTIKYAIENGAKAVVLMSHLGRPDGKANPKYSLKPVATELEKLLSKSVIFAENCVGKETEEIVNKATGGQVILLENLRFHAEEEGSSKDAEGKKVKADKEKVEEFRKGLTALGDVYINDAFGTAHRAHSSMVGVDLPQKASGFLVKKELEYFAKALESPQRPFLAILGGAKVSDKIQLIDNLLPKVNSLIITGAMAFTFKKTLENVKIGNSLFDEAGSKIVGDIVEKAKKNNVKIVLPVDYVTADKFAADAKTGYATDADGIPDGYMGLDVGEKSVELYKKTIAEAKTILWNGPPGVFELEPFANATKKTLDAAVAAAQSGSIVIIGGGDTATVAAKYGAEAKLSHVSTGGGASLELLEGKVLPGVDALSSK,2.7.2.3,GO:0005829;GO:0005739;GO:0043531;GO:0005524;GO:0046872;GO:0004618;GO:0006094;GO:0006096;GO:0160218,1: Evidence at protein level,,A0A7G5KET3
A1CAZ7,UBA4_ASPCL,Adenylyltransferase and sulfurtransferase uba4,uba4,Aspergillus clavatus (strain ATCC 1007 / CBS 513.65 / DSM 816 / NCTC 3887 / NRRL 1 / QM 1276 / 107),492,MENLEQTCASLRAQIAATEAQLAGLKRDLEVAEQAAAEIKAQDVKSTGIREEGSEKKNPWPLLSEEYKRYGRQMIVPQLGLQGQLKLRSARVLIVGAGGLGCPAALYLAGAGVGTLGLVDGDTVEHSNLHRQVLHRSKNVGKFKVDSAIEYLRELNPHPTYVPYRAHLTPQEAPEIFKDYDIVLDCTDNPATRYLISDTAVLLGKPLVSASALRTEGQLIVLNNPPRPVGDKSGGPCYRCVFPKPPPATSVVSCADGGIIGPVVGTMGVLQAIEAIKVITSSPADETSASPPSLLIFSAYSTPPFRSIKIRSRRANCAVCSAEASVTVETLKTGSTDYVFFCGVAGPETLLRPEERITPLEFKKKHPGQVSHEQELGGSKEPTIIDVREQVQFDICSLDNSINIPISTILSSAASPTTSTPESLPSWLPHDIVSSSSTDPIYVVCRLGNDSQIAVRKMKELGLDQGGKRFICDIQGGLRAWREQIDPDWPEY,,GO:0005829;GO:0070733;GO:0005524;GO:0042802;GO:0046872;GO:0061605;GO:0061604;GO:0004792;GO:0042292;GO:0007114;GO:0034599;GO:0001403;GO:0006777;GO:0032447;GO:2000220;GO:0002143,3: Inferred from homology,,A1CAZ7
A2QU77,SSN3_ASPNC,Serine/threonine-protein kinase ssn3,ssn3,Aspergillus niger (strain ATCC MYA-4892 / CBS 513.88 / FGSC A1513),427,MFGRSFPFYNSLGGFYPQSLDARKPPGSGYTSKVRVRDRYHIVGFISSGTYGRVYKAIGKNGQKGEFAIKKFKPDKEGEIIQYTGLSQSAIREMALCSELDHPNVVQLAEIILEDKCIFMVFEYTEHDLLQIIHHHTQPQRHAIPALMVRSILFQLLNGLLYLHTNWVLHRDLKPANILVTSSGAIRIGDLGLARLFYKPLNSLFSGDKVVVTIWYRAPELLMGSRHYTPAVDLWAVGCIFAELLSLRPIFKGEEAKMDSKKTVPFQRNQMMKIIEIMGLPTKEIWPGIVSMPEYSQLQSLAMSRAPGHFNRSSNLEGWYQSCLKNNGYSANSSAGTPGADGFDLLSRLLEYDPTKRITAQEALEHPYFKNGGPISANCFEGFEGKYPHRRVTQDDNDIRSGSLPGTKRSGLPDDSLLGRATKRLKE,2.7.11.22;2.7.11.23,GO:1990508;GO:0016592;GO:0005524;GO:0004693;GO:0046872;GO:0106310;GO:0008353;GO:0060258;GO:0000122;GO:0070481;GO:0045944;GO:0031648,3: Inferred from homology,,A2QU77
B0Y0P7,UBA4_ASPFC,Adenylyltransferase and sulfurtransferase uba4,uba4,Aspergillus fumigatus (strain CBS 144.89 / FGSC A1163 / CEA10),493,MENLEQTCASLRAQIAATEAQLAGLKRELEIAEQAAEVKAQSTTRTITAEDGKTNETREWPLLSEEYKRYGRQMIVPQLGLQGQLKLRAARVLIVGAGGLGCPAALYLAGAGVGTLGLVDGDTVENSNLHRQVLHSSKNVGTFKVDSAIEYLRELNPHPTYVPYRAHLTPQEAPGIFKDYDIVLDCTDNPATRYLISDTAVLLGKPLVSASALRTEGQLMVLNYPPRPVGDKSGGPCYRCVFPKPPPANSVVSCADGGILGPVVGTMGVLQALEAIKVITSPAVNPSASPPSLLIFSAYSTPLFRTIRLRARRANCAVCSADASVTLETLKNGSTDYVFFCGVAGLEATLSPEERISPLEFKKRHPKEVPQDGGRINKEPTIIDVREKVQFDICSLENSINIPISTILSSASSPTNVDANAQPSLPFWLPRELASADSTDPIYVVCRHGNDSQIAVRRLKELGLDRGGQRYVGDIQGGLRAWREQIDPDWPEY,,GO:0005829;GO:0070733;GO:0005524;GO:0042802;GO:0046872;GO:0061605;GO:0061604;GO:0004792;GO:0042292;GO:0007114;GO:0034599;GO:0001403;GO:0006777;GO:0032447;GO:2000220;GO:0002143,3: Inferred from homology,,B0Y0P7
I4AY86,NOTF_ASPVE,Deoxybrevianamide E synthase,brePT,Aspergillus versicolor,435,MTAPELRAPAGHPQEPPARSSPAQALSSYHHFPTSDQERWYQETGSLCSRFLEAGQYGLHQQYQFMFFFMHHLIPALGPYPQKWRSTISRSGLPIEFSLNFQKGSHRLLRIGFEPVNFLSGSSQDPFNRIPIADLLAQLARLQLRGFDTQCFQQLLTRFQLSLDEVRQLPPDDQPLKSQGAFGFDFNPDGAILVKGYVFPYLKAKAAGVPVATLIAESVRAIDADRNQFMHAFSLINDYMQESTGYNEYTFLSCDLVEMSRQRVKIYGAHTEVTWAKIAEMWTLGGRLIEEPEIMEGLARLKQIWSLLQIGEGSRAFKGGFDYGKASATDQIPSPIIWNYEISPGSSFPVPKFYLPVHGENDLRVARSLAQFWDSLGWSEHACAYPDMLQQLYPDLDVSRTSRLQSWISYSYTAKKGVYMSVYFHSQSTYLWEED,2.5.1.109,GO:0004659;GO:0009820,1: Evidence at protein level,,I4AY86
P50125,CYSD_EMENI,Homocysteine synthase,cysD,Emericella nidulans (strain FGSC A4 / ATCC 38163 / CBS 112.46 / NRRL 194 / M139),437,MSDPSPKRFETLQLHAGQEPDPATNSRAVPIYATTSYTFNDSAHGARLFGLKEFGNIYSRIMNPTVDVFEKRIAALEGGVAAVAASSGQAAQFMAISALAHAGDNIVSTSNLYGGTYNQFKVLFPRLGITTKFVQGDKAEDIAAAIDDRTKAVYVETIGNPRYNVPDFEVIAKVAHEKGIPLVVDNTFGAGGYFVRPIEHGADIVVHSATKWIGGHGTTIGGVVVDSGKFDWGKNAARFPQFTQPSEGYHGLNFWETFGPIAFAIRVRVEILRDLGSALNPFAAQQLILGLETLSLRAERHASNALALANWLKKNDHVSWVSYVGLEEHSSHEVAKKYLKRGFGGVLSFGVKGEAAVGSQVVDNFKLISNLANVGDSKTLAIHPWSTTHEQLTDQERIDSGVTEDAIRISVGTEHIDDIIADFEQSFAATFKVVRSA,2.5.1.49,GO:0005737;GO:0004124;GO:0051009;GO:0030170;GO:0006534;GO:0071269;GO:0019346,1: Evidence at protein level,,P50125
Q00646,CDK1_EMENI,Cyclin-dependent kinase 1,nimX,Emericella nidulans (strain FGSC A4 / ATCC 38163 / CBS 112.46 / NRRL 194 / M139),323,MENYQKIEKIGEGTYGVVYKARELTHPNRIVALKKIRLEAEDEGVPSTAIREISLLKEMNDPNIVRLLNIVHADGHKLYLVFEFLDLDLKKYMEALPVSEGGRGRALPDGSTLSRNLGLGDAMVKKFMAQLIEGIRFCHSHRVLHRDLKPQNLLIDRDGNLKLADFGLARAFGVPLRTYTHEVVTLWYRSPEILLGGRQYSTGVDMWSCGAIFAEMCTRKPLFPGDSEIDEIFKIFRILGTPDETIWPGVTSFPDFKPTFPKWKREDIQNVVPGLEEDGLDLLEALLEYDPARRISAKQACMHPYFQHGSSYYSGRARRNGFH,2.7.11.22,GO:0000307;GO:0005737;GO:0005634;GO:0005816;GO:0005524;GO:0030332;GO:0004693;GO:0106310;GO:0051301;GO:0000082;GO:1901992;GO:0010389;GO:0010468;GO:0007165,2: Evidence at transcript level,,Q00646
Q12120,AFLP_ASPPU,Sterigmatocystin 8-O-methyltransferase,aflP,Aspergillus parasiticus (strain ATCC 56775 / NRRL 5862 / SRRC 143 / SU-1),418,MALPSKAALVGLANTLSEQVKRYLATAGETKSPEDHKLCIESERTPSSNEHAQAWEIVRTCDRIGSLVHGPVPWLLSNALSHLDSACLAAATHLNLQDIIVDGPSPTSLDTIVAATGVSEDLLRRILRGCAQRFIFEEVAPDQYAHTDASKMLRVTGIHALVGFSCDEVMRSGASFSDFLQQTKGKPPSWNVPSPFSLAFDPTKGLFDYYSTVDEVRGRRFDLGMGGTEATKPLVEEMFDFSSLPEGSTVVDVGGGRGHLSRRVSQKHPHLRFIVQDLPAVIHGVEDTDKVTMMEHDIRRPNPVRGADVYLLRSILHDYPDAACVEILSNIVTAMDPSKSRILLDEMIMPDLLAQDSQRFMNQIDMTVVLTLNGKERSTKEWNSLITTVDGRLETEKIWWRKGEEGSHWGVQQLRLRK,2.1.1.110,GO:0005829;GO:0005773;GO:0008171;GO:0046983;GO:0047146;GO:0045122;GO:0032259,1: Evidence at protein level,,Q12120
Q2UC58,SSN3_ASPOR,Serine/threonine-protein kinase SSN3,ssn3,Aspergillus oryzae (strain ATCC 42149 / RIB 40),413,MLKEHLDPRKPSGTGYTSKVRVRDKYHIVGFISSGTYGRVYKALGKNGQKGEFAIKKFKPDKEGEIIQYTGLSQSAIREMALCSELDHANVVQLEEIILEDKAIFMVFEYTEHDLLQIIHHHTQPHRHAIPAPMVRSILFQLLNGLLYLHTSWVLHRDLKPANILVTSSGAIRIGDLGLARLFYKPLNSLFSGDKVVVTIWYRAPELLMGSRHYTPAVDLWAVGCIFAELLSLRPIFKGEEAKMDSKKTVPFQRNQMMKIIEIMGLPTKDIWPGIVSMPEYSQLQSLAMSRAPGHFPRSSNLEGWYQSCLKNGGYATSSGAGTPGADGYDLLSRLLEYDPTKRITAQEALEHPYFKNGGPISANCFEGFEGKYPHRRVTQDDNDIRSGSLPGTKRSGLPDDSLMGRASKRLKE,2.7.11.22;2.7.11.23,GO:1990508;GO:0016592;GO:0005524;GO:0004693;GO:0046872;GO:0106310;GO:0008353;GO:0060258;GO:0000122;GO:0070481;GO:0045944;GO:0031648,3: Inferred from homology,,Q2UC58
Q4WHW0,TPS1B_ASPFU,"Alpha,alpha-trehalose-phosphate synthase [UDP-forming] 2",tpsB,Aspergillus fumigatus (strain ATCC MYA-4609 / CBS 101355 / FGSC A1100 / Af293),479,MSSTNGSEGDHRLLIVSNRLPITIRRSEGGKYEFSMSSGGLVTGLSGLSKTTTFQWYGWPGLEVPEDELGSVKKRLKDEFNATPVFMDDKLADRHYNGFSNSILWPLLHYHPGEIVFDEGAWDAYREANLLFAKTIVKEAQDGDLIWVQDYHLMLLPELLRAELRAAGKKANKIGFFLHTPFPSSEIYRILPVRGQLLRGVLHCDLIGFHTYDYARHFLSSCSHLLGLVTTPSSVKYEGRSVAVGAFPIGIDPDKFTDGLKSPKVQNRIASLENKFQGTKLMVSVDRLDYIKGIPQKLHALEVFLQNHPEWVGKVVLVQVAVPSRQDVEEYQNLRAVVNELVGRINGKFGTVDYMPIHFMHKSVSFDELIALYAASDACVVSSTRDGMNLVSFEYIATQQKRKGVLILSEFAGAAQSLNGSLVVNPWNTEELARAYHEAVSMSDEQRARKFEKLYKYISKYTSAFWGKSFVAELLQCSS,2.4.1.15,GO:0005946;GO:0003825;GO:0000166;GO:0102986;GO:0005975;GO:0034605;GO:0005992,1: Evidence at protein level,5HVO,Q4WHW0
Q4WV44,MNT1_ASPFU,"Alpha-1,2-mannosyltransferase 1",mnt1,Aspergillus fumigatus (strain ATCC MYA-4609 / CBS 101355 / FGSC A1100 / Af293),400,MSSGPKYMRYLLFAAVGLAVFFLISRSSIPIPENIGSKLSPANYKDTISQSDKAHNDAPPKPPVKETPGSANTAPVGRVNATFVTLARNSDVWDIAKSIRQVEDRFNRNYHYDWVFLNDKPFDDTFKKVTTSLVSGKTFYGEIPKEHWSYPDWIDQEKAKKVREEMGQKKIIYGDSESYRHMCRYESGFFFRHPLMLNYEYYWRVEPSIELYCDISFDPFKLMKEQNKKYSFVLSLYEYYDTIPSLWDSVKKFMGNHPEHIAEGNAMGFLSDDGGKTYNKCHFWSNFEIGSLEWLRSKQYLDYFDALDHDGGFFYERWGDAPVHSIAAGIMLKKEEIHFFNEIAYYHIPFTHCPTSEQMRLDLKCHCNPSENFDWKGYSCTSRWFQINDMEKPEGAEEQS,2.4.1.-,GO:0005794;GO:0000139;GO:0000026;GO:0004377;GO:0043936;GO:0000032;GO:0031505;GO:0006487;GO:0006493,1: Evidence at protein level,,Q4WV44
Q50EL0,DMAW_ASPFU,Tryptophan dimethylallyltransferase,dmaW,Aspergillus fumigatus (strain ATCC MYA-4609 / CBS 101355 / FGSC A1100 / Af293),459,MKAANASSAEAYRVLSRAFRFDNEDQKLWWHSTAPMFAKMLETANYTTPCQYQYLITYKECVIPSLGCYPTNSAPRWLSILTRYGTPFELSLNCSNSIVRYTFEPINQHTGTDKDPFNTHAIWESLQHLLPLEKSIDLEWFRHFKHDLTLNSEESAFLAHNDRLVGGTIRTQNKLALDLKDGRFALKTYIYPALKAVVTGKTIHELVFGSVRRLAVREPRILPPLNMLEEYIRSRGSKSTASPRLVSCDLTSPAKSRIKIYLLEQMVSLEAMEDLWTLGGRRRDASTLEGLSLVRELWDLIQLSPGLKSYPAPYLPLGVIPDERLPLMANFTLHQNDPVPEPQVYFTTFGMNDMAVADALTTFFERRGWSEMARTYETTLKSYYPHADHDKLNYLHAYISFSYRDRTPYLSVYLQSFETGDWAVANLSESKVKCQDAACQPTSLPPDLSKTGVYYSGLH,2.5.1.34,GO:0004659;GO:0050364;GO:1900809,1: Evidence at protein level,3I4X;3I4Z,Q50EL0
Q5AYI6,BIODA_EMENI,Bifunctional dethiobiotin synthetase/adenosylmethionine-8-amino-7-oxononanoate aminotransferase,bioDA,Emericella nidulans (strain FGSC A4 / ATCC 38163 / CBS 112.46 / NRRL 194 / M139),787,MAPVGAALWRSLRAHQVYGANTDVGKTIVSTFLCNAVNRLKNQGKSAFLKPVSTGPLDEADDRHLQRHAPNTLTKCLYQFDEPVSPHIAAKTFAIPRDDEILSSVHRTLSDWANDGVGFALVETAGGVHSPGPNGNSQADLYRPLRLPIILVADSRLGGISSSISAYESLLLRGYDVHSVLLFKDDYYQNHEYLGNYFRGKSIPLVPVPAPPRRPQEQDPDSRARDLEALDKYYSSVTKSTDVVSLLDELVLKNKQRVEYLDEMASRAQKTIWYPFTQHHGMAAKDITPIDSAYDDFFQTYVTADRSAQQGRLQATFDGSASWWTQGLGHGNPGLALSAAYAAGRYGHVMFPGNIHEPALALAESLLKTVDNPRLQKVFYTDNGSTGMEVALKMGLRAACDRYGWDASKEQINILGLKGSYHGDTIGVMDCSEPSTYNQRVEWYRGRGHWFDFPLVKMSQGVWQVEVPATLQASLGGNQQFSSLDAVFDVESRVRSDAGQRYRKYILETIERLVTQEGKKFGALIMEPIILGAGGMLFCDPLFQRCLADVVRGNPQLFNRGRLTEPQPQTDLSWSGLPVIFDEVFTGLYRLGRKSSASFLGVNPDIAVNAKLLTGGLVPLCTTLASNEIFNAFTSPEKRDALLHGHSYTAHAVGCQVALDSLRTMNNMDEDGSWNDFKNDWKQPHAGDTARVWSVWSHKLLHNLSHAESVDGVFAIGSVLSISLKDAEGAGYTSTAAKGLQTRLAAGGPQFNVHSRVLGNVLYLMSSVTSKQETLRTIEGILREALL,,GO:0005759;GO:0005739;GO:0004015;GO:0005524;GO:0004141;GO:0000287;GO:0030170;GO:0009102,1: Evidence at protein level,,Q5AYI6
Q672V6,ATMG_ASPFL,Geranylgeranyl pyrophosphate synthase atmG,atmG,Aspergillus flavus,340,MISGVPDRWKVVASSLSSNLDASYPTSSSLSTEPIDTRSSSPQGSASTPVDKEKIIRGPVDYLLKCPGKDIRRKLMQAFNEWLRIPEDRLNIIAEIVGLLHTASLLIDDIQDSSKLRRGIPVAHSIFGVAQTINSANYAYFAAQEKLRELNRPKAYEIFTEELLRLHRGQGMDLYWRDSLTCPTEEEYIEMISNKTGGLFRLAIKLMQLESEVTSDFLGLVDLLGVIFQIRDDYQNLQSDLYSKNKGFCEDLTEGKFSFLIIHSINSNPGNQQLLNILRQRSEEESVKKYAVEYIRSTGSFAYCQDRLASFLHEAKMMVNVLEDNVGFSKGIYDILAFLL,2.5.1.-;2.5.1.1;2.5.1.10;2.5.1.29,GO:0004337;GO:0004161;GO:0004311;GO:0046872;GO:0046165;GO:0008299;GO:0043386,2: Evidence at transcript level,,Q672V6
Q8J0P4,CRH5_ASPFU,Crh-like protein 5,crh5,Aspergillus fumigatus (strain ATCC MYA-4609 / CBS 101355 / FGSC A1100 / Af293),395,MYFKYTAAALAAVLPLCSAQTWSKCNPLEKTCPPNKGLAASTYTADFTSASALDQWEVTAGKVPVGPQGAEFTVAKQGDAPTIDTDFYFFFGKAEVVMKAAPGTGVVSSIVLESDDLDEVDWEVLGGDTTQVQTNYFGKGDTTTYDRGTYVPVATPQETFHTYTIDWTKDAVTWSIDGAVVRTLTYNDAKGGTRFPQTPMRLRLGSWAGGDPSNPKGTIEWAGGLTDYSAGPYTMYVKSVRIENANPAESYTYSDNSGSWQSIKFDGSVDISSSSSVTSSTTSTASSASSTSSKTPSTSTLATSTKATPTPSGTSSGSNSSSSAEPTTTGGTGSSNTGSGSGSGSGSGSSSSTGSSTSAGASATPELSQGAAGSIKGSVTACALVFGAVAAVLAF,,GO:0005576;GO:0009277;GO:0005886;GO:0098552;GO:0004553;GO:0019863;GO:0005975;GO:0071555,1: Evidence at protein level,6IBU;6IBW,Q8J0P4
Q9C446,PAXG_PENPX,Geranylgeranyl pyrophosphate synthase paxG,paxG,Penicillium paxilli,371,MSYILAEALNFVRRGISHLNYWGASHSLSADNYWESNFQGFPRLLSDSSKAPSTIRTVQVLEDDVDDIAIQYNKIVRGPLDYLLAIPGKDIRSKLIDSFNIWLQLPEEKLSIVKDIINLLHTASLLIDDIQDASRLRRGKPVAHDVYGVAQTINSANYAYYLQQARLKEIGDPRAFEIFTRSLLDLHLGQGMDLYWRDMVVCPTEEEYTRMVMYKTGGLFNLALDLMRIQSRKNTDFSKLVELLGVIFQIRDDYMNLQSGLYAEKKGLMEDLTEGKFSYPIIHSIRASPESSELLDILKQRTEDEAVKIRAVKIMESTGSFQYTRETLSRLSAEARGYVKKLETSLGPNPGIHKILDLLEVEYPTNEKGRV,2.5.1.-;2.5.1.1;2.5.1.10;2.5.1.29,GO:0005777;GO:0004337;GO:0004161;GO:0004311;GO:0046872;GO:0140873,3: Inferred from homology,,Q9C446
A0A2I2F2I5,CFOL_ASPCN,"Acetolactate synthase catalytic subunit, mitochondrial",cfoL,Aspergillus candidus,694,MLRSRQATNALRAVGQTRPLRSQTAVAFTQSLNKVPSNRRSEATVATASSTASGAFNSQVRPTPSPTFNQYDSKVQPLTGMSRNVTDESFIGKTGGEIFHDMMLRQGVKHIFGYPGGAILPVFDAIYNSTHFDFILPRHEQGAGHMAEGYARASGKPGVVLVTSGPGATNIVTPMQDALLDGTPMVVFCGQVPTTSIGSDAFQEADIVGISRPCTKWNVMVKNIAELPRRINEAFQIATTGRPGPVLVDLPKDVTAGILRRAIPTDAAIPSLPSASIQDAMDLNHKQLEASIARVAKLVNMAKQPVIYAGQGVIQSESGPELLKKLSDLASIPVTTTLQGLGGFDELDYKSLHMLGMHGSAYANMAMQEADLIIALGGRFDDRVTLNVSKFAPGARAAAAENRGGIVQFEIMPKNINKVVEATEAIVGDVGANLRLLLPHVESRSTDDRSAWYTKIDAWKKKWPLSDYQKTERHGLIKPQTLIEELSNLCADRKEKTYITTGVGQHQMWTAQHFRWRHPRTMITSGGLGTMGYGLPAAIGAKVAQPDALVVDIDGDASFNMTLTELSTAAQFNIGVKVIVLNNEEQGMVTQWQNLFYEDRYAHTHQANPDFIKIADAMGIQGQRVADPTKIKESLQWLIDTDGPALLEVITDKKVPVLPMVPGGCGLHEFIVFNPEDEKTRRGLMRERTCGLHG,2.2.1.6,GO:0005948;GO:0005739;GO:0003984;GO:0050660;GO:0000287;GO:0004737;GO:0030976;GO:0009097;GO:0009099,3: Inferred from homology,,A0A2I2F2I5
A0A3S5XFG0,CLE6_ASPVE,Geranylgeranyl pyrophosphate synthase cle6,cle6,Aspergillus versicolor,380,MHSVRTSTTSTSSMVSSTMHPFDAFNAPQPYQQHHPPRWNIHNPHFSQTNGHSIQKTPSMIKLHSSEGTVPTTNGADTLHQRNMEEKIISAPLHYITGLPGKDIRGKLISAFNEWFRIPDEQLEIIKRVVGLLHVASLLIDDIEDSSKLRRGFPVAHSIFGIPQTINSANYAYFQAQSEVLKLRNCNAAFTIFTEELLRLHRGQGMDLYWRDSLTCPTEEEYLDMVANKTGGLFRLAIKLIQLESDVEDDCVPLVDLLGIIFQIRDDYQNLQNEQYAKNKGFAEDITEGKFSYPIVHSIRSGAANCSSGSSELMNILRQKTDDEAVKRYTICILEKTGSFEYTRRKLTELMAAARAMLAEFGSAEAAGLGGILDFLELKE,2.5.1.-;2.5.1.1;2.5.1.10;2.5.1.29,GO:0046872;GO:0004659;GO:0046165;GO:0008299;GO:0043386,1: Evidence at protein level,,A0A3S5XFG0
B0XT72,GEL1_ASPFC,"1,3-beta-glucanosyltransferase gel1",gel1,Aspergillus fumigatus (strain CBS 144.89 / FGSC A1163 / CEA10),452,MKASAVTAALAVGASTVLAAPSIKARDDVTPITVKGNAFFKGDERFYIRGVDYQPGGSSDLADPIADADGCKRDIAKFKELGLNTIRVYSVDNSKNHDECMNALADAGIYLVLDVNTPKYSINRAKPKESYNDVYLQYIFATVDAFAGYKNTLAFFSGNEVINDGPSSSAAPYVKAVTRDLRQYIRSRKYREIPVGYSAADIDTNRLQMAQYMNCGSDDERSDFFAFNDYSWCDPSSFKTSGWDQKVKNFTGYGLPLFLSEYGCNTNKRQFQEVSSLYSTDMTGVYSGGLVYEYSQEASNYGLVEISGNNVKELPDFDALKTAFEKTSNPSGDGNYNKTGGANPCPAKDAPNWDVDNDALPAIPEPAKKYMTEGAGKGPGFAGPGSQDRGTQSTATAEPGSGSATGSSSSGTSTSSKGAAAGLTVPSLTMAPVVVGAVTLLSTVFGAGLVLL,2.4.1.-,GO:0005886;GO:0098552;GO:0042124;GO:0071970;GO:0031505,1: Evidence at protein level,,B0XT72
F1DBB3,MPAG_PENBR,O-methyltransferase mpaG,mpaG,Penicillium brevicompactum,398,MSAASPASIIQELASAAKQYENNESGAREALIAQSRALIASLEVPSEFIQHTFWSQPALSAIVRLATDVNLFQYLKDAQEEGLSAEALASKTGMDVSLFARLARHLVAMNVITSRNGVFYGTALSNGLAAENYQQSIRFCHDVSRPSFGAFPSFFKGNGYKTPALGTTDGPFQSAHKVDISFPQWLVGNPPYLQYFNSYMSAYRAGKPNWCDNGFYPVADRLLNGFDASVSDVLLVDVGGGRGHDIATFGSQFSPLPGRLVLQDREQVINSIPADESRQFEATTHDIFTTQPVKNARAYYMHSVPHGFGDEDAVKIMANLVPALAKGYSRVLLNEIVVDEESPVMSATNMDLIMLAHMGAKERTEADWRSILTRAGLKVVNIYSYPGVAESLIEAELA,2.1.1.-,GO:0005829;GO:0008168;GO:0008171;GO:0032259;GO:0140722;GO:0016114,1: Evidence at protein level,,F1DBB3
P15802,AATA_PENCH,Isopenicillin-N N-acyltransferase,aatA,Penicillium chrysogenum,357,MLHILCQGTPFEIGYEHGSAAKAVIARSIDFAVDLIRGKTKKTDEELKQVLSQLGRVIEERWPKYYEEIRGIAKGAERDVSEIVMLNTRTEFAYGLKAARDGCTTAYCQLPNGALQGQNWDFFSATKENLIRLTIRQAGLPTIKFITEAGIIGKVGFNSAGVAVNYNALHLQGLRPTGVPSHIALRIALESTSPSQAYDRIVEQGGMAASAFIMVGNGHEAFGLEFSPTSIRKQVLDANGRMVHTNHCLLQHGKNEKELDPLPDSWNRHQRMEFLLDGFDGTKQAFAQLWADEDNYPFSICRAYEEGKSRGATLFNIIYDHARREATVRLGRPTNPDEMFVMRFDEEDERSALNARL,2.3.1.164,GO:0005782;GO:0050640;GO:0042318,1: Evidence at protein level,2X1C;2X1D;2X1E,P15802
Q4WB07,CDNPT_ASPFU,Cyclic dipeptide prenyltransferase,CdpNPT,Aspergillus fumigatus (strain ATCC MYA-4609 / CBS 101355 / FGSC A1100 / Af293),440,MDGEMTASPPDISACDTSAVDEQTGQSGQSQAPIPKDIAYHTLTKALLFPDIDQYQHWHHVAPMLAKMLVDGKYSIHQQYEYLCLFAQLVAPVLGPYPSPGRDVYRCTLGGNMTVELSQNFQRSGSTTRIAFEPVRYQASVGHDRFNRTSVNAFFSQLQLLVKSVNIELHHLLSEHLTLTAKDERNLNEEQLTKYLTNFQVKTQYVVALDLRKTGIVAKEYFFPGIKCAATGQTGSNACFGAIRAVDKDGHLDSLCQLIEAHFQQSKIDAAFLCCDLVDPAHTRFKVYIADPLVTLARAEEHWTLGGRLTDEDTAVGLEIIRGLWSELGIIQGPLEPSAMMEKGLLPIMLNYEMKAGQRLPKPKLYMPLTGIPETKIARIMTAFFQRHDMPEQAEVFMENLQAYYEGKNLEEATRYQAWLSFAYTKEKGPYLSIYYFWPE,2.5.1.-;3.4.11.17,GO:0004177;GO:0008233;GO:0004659;GO:0050364;GO:0009820;GO:0018342;GO:0006508,1: Evidence at protein level,,Q4WB07
Q4WCL5,ER10B_ASPFU,"Acetyl-CoA acetyltransferase erg10B, cytosolic",erg10B,Aspergillus fumigatus (strain ATCC MYA-4609 / CBS 101355 / FGSC A1100 / Af293),398,MSSLPAVYIVSSARTPVGSFLGSLSSLTAPQLGAHAIKAALAKVDGLKPSDVQEVFFGNVISANVGQNPARQCALGAGLEESTICTTVNKVCASGLKAIILGAQTIMTGNADVVVAGGTESMSNAPHYLPNLRTGAKYGHQSLVDGIMKDGLTDAGKQELMGLQAEECAQDHGFSREQQDEYAIRTYEKAQAAQKAGLFDEEIAPIQLPGFRGKPDVTVTQDEEPKNLNPEKLRAIKPAFIPGSGTVTAPNSSPLNDGAAAVVLVSEAKLKELNLKPVAKILGWGDAAQQPSKFTTAPALAIPKALKHAGVGQDAIDAFEINEAFSVVALANMKLLGIPEEKVNLHGGAVAIGHPIGASGARILTTLLGVLKAKKGKLGCAGICNGGGGASALVVELL,2.3.1.9,GO:0005829;GO:0005739;GO:0003985;GO:0046872;GO:0006696,1: Evidence at protein level,6AQP;6ARE;6ARF;6ARG;6ARL;6ARR;6ART,Q4WCL5
Q4WI46,CRH2_ASPFU,Crh-like protein 2,crh2,Aspergillus fumigatus (strain ATCC MYA-4609 / CBS 101355 / FGSC A1100 / Af293),443,MVRIGSSLLLATLAATTVSAASDPPKCSQDSHCPEEWPCCSLYGQCGTGAYCLGGCDPLMSFSLDSCTPEPICQGKTYKDWSNLDNLASNTKYLGDASKSDWVYSGYPKVEDGNLLLTMPKNSVGTLIANNHYIWYGKITAKIKSSRGAGVVTGFILLSDTKDEIDYEFVGADLTNVQTNYYFQGVLDYNHGGNASVSGGNTFGDWHEYTIDWKPDAITWSVDGEVKRTLKKESTYNETSKQYMYPQTPSRMQLSLWPAGQASNAPGTIAWAGGEIDWDSEDIKDPGYYYATFGEITVECYDPPSGADIKGTKAYIFKDKAGLESSVQITNNKTVLASFGATGLDMDVGASSSASGSANKTSSSANTVPSGNGGSGNEPGNSHSGSSGSGTSTSDGSGSSTGFSQGSETSASSNKNAAPSQNERVLNGSFFAVLVAVVALVTL,,GO:0000144;GO:0009277;GO:0005886;GO:0098552;GO:0016757;GO:0004553;GO:0005975;GO:0006030;GO:0031505,1: Evidence at protein level,,Q4WI46
Q4WLM9,TPS1A_ASPFU,"Alpha,alpha-trehalose-phosphate synthase [UDP-forming] 1",tpsA,Aspergillus fumigatus (strain ATCC MYA-4609 / CBS 101355 / FGSC A1100 / Af293),515,MPSLENSTQNEARLLLVSNRLPITIKRSEDGKYDFSMSSGGLVSGLSGLSKSTTFQWYGWPGLEVPEEEIPVVKQRLKDEYGAIPVFIDDELADRHYNGFSNSILWPLFHYHPGEITFDESAWEAYKEANRLFAKAVAKEVQDGDLIWVHDYHLMLLPEMLREEIGDSKENVKIGFFLHTPFPSSEIYRILPVRNELLLGVLHCDLIGFHTYDYTRHFLSACSRLLGLATTPNGIEFQGKVIACGAFPIGIDPEKFQEGLKKEKVQKRIAQLEQKFQGVKLMVGVDRLDYIKGVPQKLHALEVFLSDHPEWVGKVVLVQVAVPSRQDVEEYQNLRAVVNELVGRINGKFGTVEFMPIHFLHKSVNFDELIALYAVSDACIVSSTRDGMNLVAYEYIASQQKRHGVLVLSEFAGAAQSLNGSIIINPWNTEELAGAYQEAVTMSDEQRALNFSKLDKYVNKYTSAFWGQSFVTELNRISAHSAGKFQSRKAKLPESADAEKPMNGSGESEESQTTQ,2.4.1.15,GO:0005946;GO:0003825;GO:0000166;GO:0102986;GO:0005975;GO:0034605;GO:0005992,1: Evidence at protein level,5HVM,Q4WLM9
Q4WQR3,MPKA_ASPFU,Mitogen-activated protein kinase mpkA,mpkA,Aspergillus fumigatus (strain ATCC MYA-4609 / CBS 101355 / FGSC A1100 / Af293),424,MSDLQGRKVFKVFNQDFIVDERYNVTKELGQGAYGIVCAATNVHTGEGVAIKKVTNVFSKKILAKRALREIKLLQHFRGHRNITCLYDMDIPRPDNFNETYLYEELMECDLAAIIRSGQPLTDAHFQSFIYQILCGLKYIHSANVLHRDLKPGNLLVNADCELKICDFGLARGFSIDPEENAGYMTEYVATRWYRAPEIMLSFQSYTKAIDVWSVGCILAELLGGRPFFKGRDYVDQLNQILHYLGTPNEETLSRIGSPRAQEYVRNLPFMPKIPFQRLFPNANPDALDLLDRMLAFDPASRISVEEALEHPYLHIWHDASDEPTCPTTFDFHFEVVDDVQEMRKMIYDEVVRFRNLVRQQSQAQAAAAAQQQQQQIAQQTNVPIPDHQQGGWKQEEPKPQEVHAAGGHVNDLESSLQRGMDVQ,2.7.11.24,GO:0005737;GO:0005634;GO:0005524;GO:0004707;GO:0106310;GO:0000196;GO:0070370;GO:0071469;GO:0034605;GO:0071852;GO:0030448;GO:0035556;GO:1902660;GO:1902413;GO:1905665;GO:0050850;GO:0032995;GO:0048021,1: Evidence at protein level,,Q4WQR3
Q4WUN7,MPKC_ASPFU,Mitogen-activated protein kinase mpkC,mpkC,Aspergillus fumigatus (strain ATCC MYA-4609 / CBS 101355 / FGSC A1100 / Af293),378,MAEFVRAEVLGTKFEYTTRYVNPQPIGMGSFGLVCSAFDQITQQPVALKKIMKPFDSSSLAKRTYREIRLLKYLRHENLICMRDIFISPLEDIYIATELLGTDLGRLLSIKPLDSKFSQYFIYQILRGLKYIHSANVIHRDLKPTNILINENCDLKICDFGLARLQEPQMTGYVATRYYRAQEIMLTWQRYGVQVDVWSAGCILAEMLRRKPLFPGKDHVHQFHLITNILGNPPDAVIEKITSKNTVNFVKSLPSREPRDLSTVVPKDTDFDAIDLLKKMLVIDPDTRISAQDALRYPYLAPYHDPTDEPVASGPFDWSFDSADFPKETWKIMIYSEVLDYLNVDNPADPAPFDPSTPFDPSALEREFSEFLSDSGQI,2.7.11.24,GO:0005737;GO:0005634;GO:0005524;GO:0004707;GO:0106310;GO:0004674;GO:0015976;GO:0034599;GO:0007231;GO:0051403,1: Evidence at protein level,,Q4WUN7
Q4WZ64,EASN_ASPFU,Fumigaclavine B O-acetyltransferase easN,easN,Aspergillus fumigatus (strain ATCC MYA-4609 / CBS 101355 / FGSC A1100 / Af293),494,MKKQVTFKPFRLSPVDHSLPKVYIFKSLYFRGVDDTGSLSRLQDGIDRLISCLPFLSGEVVPCADIPDKVGVLQVQMPCPSLQEIPMLLVKSYPNHTWPAASTSERWRNTALLDQSYRPLPDFIPPSKPRPVLRFQANFLADGLMLCMGYNHSVFDGTGAGNILEMLADCCRANPNSILALPTNGDIESELRGLLSSPGVAVANASQEAYAINCAHTEVEPEPSSAMLYCWPFLLSSEKIECLQEACNSLLPHIVRLYSGTQSSLINQDTNWPHILSSNDVLTALLAVSIEKAREATGALGHMSRSLAMAVNLRERLKPMPRHYLGNLVTTVWVSHHRPAVKDLETMVLPVPACNRHEIDRDDLLWITHVAFRIRLGLNAINEEHIRGLIHYLHSQDDWEQIGIHFTDPIFISSWRHLKVYELDFGPTIGHAEHFEMDVGTTDGVCVVMPANTRAVGKTKKAPWDIRIVLNPEVLQALIASAIFGWAMVKDAST,2.3.1.205,GO:0005737;GO:0016747;GO:0009821;GO:0035837;GO:1900809;GO:0044550,1: Evidence at protein level,,Q4WZ64
Q50I20,PRPC_ASPFM,"2-methylcitrate synthase, mitochondrial",mcsA,Aspergillus fumigatus,465,MAMTMRSTRHASKLAQTARLALTNSRRYSTAEPDLKTALKAVIPAKRELFKQVKERSDEVIGEVKVANVIGGMRGLKSMLWEGSVLDPEEGIRFHGKTIKDCQKELPKGTSGTEMLPEAMFWLLLTGQVPSTNQVRAFSRELAEQSHLPQHILDLIKSFPRSMHPMTQLSIAVAALNTESKFAKAYEKGLSKADYWEPTFDDSISLLAKIPRVAALVFRPDEVDQVGTQALDASQDWSYNFAELLGKGGKENQDFHDLLRLYLALHGDHEGGNVSAHATHLVGSALSDPFLSYSAGLLGLAGPLHGLAAQEVLRWILAMQDKIGTKFTDDDVRNYLWDTLKSGRVVPGYGHGVLRKPDPRFQALMDFAATRPDVLANPVFQLVKKNSEIAPAVLTEHGKTKNPHPNVDAASGVLFYHYGFQQPLYYTVTFGVSRALGPLVQLIWDRALGLPIERPKSINLLGLKK,2.3.3.16;2.3.3.5,GO:0005759;GO:0050440;GO:0004108;GO:0005975;GO:0019543;GO:0019629;GO:0006099,1: Evidence at protein level,,Q50I20
Q5B2V8,KAD2_EMENI,Adenylate kinase,adk1,Emericella nidulans (strain FGSC A4 / ATCC 38163 / CBS 112.46 / NRRL 194 / M139),259,MAPITDDVVAGLKSTIGKLEARIEDLESRLGGEPKPKSIAEHMRIILMGPPGAGKGTQAPKIKEKYCVCHLATGDMLRSQVAKKTDLGREAKKIMDQGGLVSDEIMVNMIKSELENNAECKNGFILDGFPRTVAQAERLDEMLVARNQKLQHAIELKIDDALLVARITGRLVHPASGRSYHKIFNPPKEAMKDDITGEPLVQRSDDNAEALKKRLVTYHAQTAPVCDYYKKTGIWRGIDASQEPGQVWKSLLGVFNNKN,2.7.4.3,GO:0005737;GO:0005829;GO:0005758;GO:0005739;GO:0004017;GO:0016208;GO:0005524;GO:0003688;GO:0006172;GO:0046033;GO:0046034;GO:0006270;GO:0036388,3: Inferred from homology,,Q5B2V8
Q9Y7D0,LOVC_ASPTE,"Lovastatin nonaketide synthase, enoyl reductase component lovC",lovC,Aspergillus terreus,363,MGDQPFIPPPQQTALTVNDHDEVTVWNAAPCPMLPRDQVYVRVEAVAINPSDTKMRGQFATPWAFLGTDYAGTVVAVGSDVTHIQVGDRVYGAQNEMCPRTPDQGAFSQYTVTRGRVWAKIPKGLSFEQAAALPAGISTAGLAMKLLGLPLPSPSADQPPTHSKPVYVLVYGGSTATATVTMQMLRLSGYIPIATCSPHNFDLAKSRGAEEVFDYRAPNLAQTIRTYTKNNLRYALDCITNVESTTFCFAAIGRAGGHYVSLNPFPEHAATRKMVTTDWTLGPTIFGEGSTWPAPYGRPGSEEERQFGEDLWRIAGQLVEDGRLVHHPLRVVQGGFDHIKQGMELVRKGELSGEKLVVRLEGP,2.3.1.161,GO:0004318;GO:0050637;GO:0070402;GO:0016491;GO:0016651;GO:0016218;GO:0140735;GO:0030639,1: Evidence at protein level,3B6Z;3B70;3GQV;7CPY,Q9Y7D0
Q9Y7D1,LOVD_ASPTE,Monacolin J acid methylbutanoyltransferase,lovD,Aspergillus terreus,413,MGSIIDAAAAADPVVLMETAFRKAVKSRQIPGAVIMARDCSGNLNYTRCFGARTVRRDECNQLPPLQVDTPCRLASATKLLTTIMALQCMERGLVDLDETVDRLLPDLSAMPVLEGFDDAGNARLRERRGKITLRHLLTHTSGLSYVFLHPLLREYMAQGHLQSAEKFGIQSRLAPPAVNDPGAEWIYGANLDWAGKLVERATGLDLEQYLQENICAPLGITDMTFKLQQRPDMLARRADQTHRNSADGRLRYDDSVYFRADGEECFGGQGVFSGPGSYMKVLHSLLKRDGLLLQPQTVDLMFQPALEPRLEEQMNQHMDASPHINYGGPMPMVLRRSFGLGGIIALEDLDGENWRRKGSLTFGGGPNIVWQIDPKAGLCTLAFFQLEPWNDPVCRDLTRTFEHAIYAQYQQG,2.3.1.238,GO:0016746;GO:0016787;GO:0016218;GO:0017000;GO:0050832;GO:0140735;GO:0030639,1: Evidence at protein level,3HL9;3HLB;3HLC;3HLD;3HLE;3HLF;3HLG;4LCL;4LCM,Q9Y7D1
A0A0P0ZEM1,STLSS_EMEVA,Stellatatriene synthase,Stl-SS,Emericella variicolor,714,MEYKFSTVVDPGTYETHGLCEGYEVRYHKNAELEDIGCLRCQEHWRQSVGPLGAFKGTLGNPFNLLSLVIPECLPDRLSIVGFANELAFIHDDVTDIVQYGDAHNNDFKEAFNSMATTGSMENAASGKRALQAYIAREMVRIDKERAIPTIKAWAKFVDYGGRQETTRFTSEKEYTEYRIQDIGLWFWYGLLSFAMALDVPEHEREMCHEVCRTAYVQIMLVHDLASWEKEKLNAAALGKDVITNIIFVLMEEHGISEEEAKERCRETAKTLAADYLKIVEEYKARDDISLDSRKYIESWLYTISGNTVWSFICPRYNSSGSFSDHQLELMKNGVPKDPASGSTNGTSNGTSNGTSHVAVNGNGHVTNDDLSANGIKTDGELLSAITMEHLKNRNSFKLGDHDQEVKSLHGHGQALDPRVLQAPYEYITALPSKGLREQAIDALNVWFRVPTAKLEIIKSITTILHNASLMLDDVEDGSELRRGKPATHNIFGLGQTINSANYQLVRALQELQKLGDARSLLVFTEELHNLYVGQSMDLYWTSNLVCPSMHEYFQMIEHKTGGLFRLFGRLMAVHSTNPVQVDLTDFTNHLGRYFQTRDDYQNLVSAEYTKQKGFCEDFEEGKFSLPMIHLMQTMPDNLVLRNVWTQRRVNGTATHGQKQTILNLMKEAGTLKFTQDSLGVLYSDVEKSVAELESKFGIENFQLRLIMELLKTG,,GO:0016829;GO:0046872;GO:0004659;GO:0046165;GO:0043386;GO:0016114,1: Evidence at protein level,,A0A0P0ZEM1
A0A1E3B0S1,CRIF_ASPCR,Prenyltransferase criF,criF,Aspergillus cristatus,408,MQPFHTLSRILPFPDATQKAWWDKLAPMLLKAMQAQGYDTEAQYAQLGMVYKCVLPYLGQYPTVENDATRWKSFLCPYGIPIEPSLNISQGILRYAFEPIGPDVGTDKDPQNMNVIQDCLKGLTDHDDRIDTTLYAQFASRLLLTKEESQRVAATGQFTFKPGQGMHGYAVDMKGSQPMVKGYFCVGIKSAVTGIPTGKLMLDAVREVDTEGRITEPLDKLEDYYGNALGNLRLCFMSVDMIDPQDARTKLYGLQQEVSFEGLEDLWTLGGRINTPTNQEGLQLLRELWDLLQIPPGVRDIEVDHCSVGQPPKYLLPSLVNWTFLPGHSDPMPQVYLVPFGLPDAHISDALVTFFERRGWTDLARSYKSNLASYFPDVDFSQSRHVQEAISFSFRKGKPYLSVYMSLF,2.5.1.-,GO:0004659;GO:0009820,3: Inferred from homology,,A0A1E3B0S1
A0A1L9UKS1,ABVS_ASPBC,Variediene synthase,AbVS,Aspergillus brasiliensis (strain CBS 101740 / IMI 381727 / IBT 21946),695,MVPTSLSPDDTSDPVPRSSSDIQGFCHNYPLRRHKYEDQANKGSQQCRDDWEQYIGPIERWGCGNPWEGHFAAVVLPFCRPDRIAIISYCFEYAFMYDNVVESAAKSTVNINRDDIALDETEYRTVRSVTGTKQIQSKMLLDLLSIDPVCAEVVIDSWKTMIDTTVKQDKTRTFSNLEEYVDFRIIDTGAPFVDTLMRFGMNILLTPEEEELVAPIVKPCYAALGLANDYFSFDIEWEEFQQPESNQSTMTNAVWLFMQWHQVDEQEAKRRVRQVTNDYEREYQQRVRDFISGEGKSNTKLQLYLTALGYQIPGNIAWSLRCPRYHPWLCEEGSALLRASMDEARDVCNEGKRRSISGDSISSESSVWSGASDRSARSSVSSAPSLDEGKEPDRVMLGTEHLLGPAEYIASLPSKGVREAFIDALNVWLVLPDRFVGVIKSIAKTLHNASLMLDDIEDGSPLRRGQPATHTIFGQALTINSANFVLIQAMDQVRQLEDSRCLDIFVEEMRNLFIGQSFDLYWTRQDECPSEEEYREMIRQKTGGLFRLVARLMMQKATLKKNQHISLEPLVDLMGEYFQIRDDYKNLTEEYTGQKGFCEDLDEGKFSFPLIHAHKLLPEWSEIRLLLQQGRQSGGLDVTQKQLVLGRLHDSGSMAYTEKTLRGLMGEIRLRIDQVEKESGCSNWVLKLLVHRLEV,,GO:0016829;GO:0046872;GO:0004659;GO:0046165;GO:0043386;GO:0016114,1: Evidence at protein level,,A0A1L9UKS1
A0A2Z6AQX7,PBSS_PENBI,Sesterbrasiliatriene synthase PbSS,PbSS,Penicillium brasilianum,732,MDFLSGAFHYSDSVNPSKYSPRPSDYFGTLPFRTSRFEREAADVTADYLRKWQKAVKADNPERKDLVFHGSTTTLGHFVSWAYPECIPDRVDLCTQICDFGFYWDDVTDSVNVQENAEITQDLALALLSELTLGQRLEPKLEINKIVVQMLWGVLDKDRKSGLEMIKFWKGHLDGQAESAHNNMSFEEYTKHRLSEVGARWAVEVGCWSLGINLSREKKDSVAHFVNKGLLAAALMNDYYSFNKEFDEHQRAGSMDRLQNGLGILMREYGYTETEARSILREEIRKGERAIMDGYIAWRESADSSSESHELNRYIVMIILMIGGITFWSSHASRYHRDDLITTAGDRAMIVGKFQCSMRLLDGYPPPNRWKSATSSNDISGRKRKSWSDSNGVDTHGACYTNGSSNRAKRNGTEAGHKANGHDSMDIYTAPFLKAPSEVCEAPYEYINSLQGKNMRNKFMDALNHWLCVPAPSMQIIKNIVQMLHNSSLMLDDIEDESPLRRGQPVAHTFYGISQTINSANFVYVKSVKETSRLKNPICMEIFTDELSNLHTGQSLDLYWRYHGRCPSINEYIMMVDNKTGGLFRLMLRLMEAESPAASSASLVKLLTLTGRYYQIRDDYLNLTSVEYTSKKGFCEDLDEGKFSLPLLHLLNHTRHPDRITAPLFNRASGARSLAREVKVHIIQAMDEAGTFEYAQGVLKYLHEEIMRTLDEVEADLGRNTEARILLLGLGL,,GO:0016829;GO:0046872;GO:0004659;GO:0046165;GO:0043386;GO:0016114,1: Evidence at protein level,8YL9,A0A2Z6AQX7
A1CM94,KAE1_ASPCL,tRNA N6-adenosine threonylcarbamoyltransferase,kae1,Aspergillus clavatus (strain ATCC 1007 / CBS 513.65 / DSM 816 / NCTC 3887 / NRRL 1 / QM 1276 / 107),364,MIAIGLEGSANKLGVGIMLHPEDGSTPQVLANIRHTYVSPPGEGFLPKDTARHHRAWVVKLVKRALREARVSVDDVDCICFTKGPGMGAPLQSVAVAARTLSLLWGKELVGVNHCVGHIEMGRLITGSTNPVVLYVSGGNTQVIAYSSQRYRIFGETLDIAVGNCLDRFARTLHISNDPAPGYNIEQLAKKGKQLVDLPYTVKGMDCSFSGILAAIDGLAASYGLNGKEKEEEEKLVALSDPATSEAVENVKPTRADLCFSLQETIFSMLVEITERAMAHVGSKEVLIVGGVGCNERLQEMMGIMARDRGGSVHATDERFCIDNGIMIAQAGMLAYKTGFRTPLTESTCTQRFRTDGVFVKWRD,2.3.1.234,GO:0000785;GO:0005737;GO:0000408;GO:0005634;GO:0031490;GO:0046872;GO:0061711;GO:0008252;GO:0045944;GO:0000722;GO:0002949,3: Inferred from homology,,A1CM94
A1D858,MET3_NEOFI,Sulfate adenylyltransferase,met3,Neosartorya fischeri (strain ATCC 1020 / DSM 3700 / CBS 544.65 / FGSC A1164 / JCM 1740 / NRRL 181 / WB 181),574,MANPPHGGVLKDLLARDAPRHDELEIEAEQLPAIVLTERQLCDLELIMNGGFSPLEGFMNQKDYDSVCENVRLADGNLFSMPITLDVSQAVIDDGKLKPGSRVTLRDFRDDRNLAILTIDDIYRPDKAKEAKLVFGGDEEHPAIKYLYNKVQEFYVGGKIEAINKLNHYDYVALRYTPAELRVHFDKLGWNRVVAFQTRNPMHRAHRELTVRAARARQANVLIHPVVGLTKPGDIDHFTRVRAYQALLPRYPNGMAVLGLLGLAMRMGGPREAIWHAIIRKNHGATHFIVGRDHAGPGKNSKGQEFYGPYDAQHAVEKYREELGIEVVEFQQVTYLPDTDEYKPKDEVPAGVKTLDISGTELRNRLRTGAPIPEWFSYPEVVKILRESSPPRHTQGFTIFLTGYMNSGKDAIARALQVTLNQQGGRSVSLLLGDTVRHELSSELGFSREDRHTNIQRIAFVAGELTRAGAAVIASPIAPYEESRNAARDAVTQAGGNFFLVHVATPLEYCEKTDKRGIYAKARRGEIKGFTGVDDPYETPSKADLTVDVSKQTVRSIVHEIILMLETEGFFDRS,2.7.7.4,GO:0005737;GO:0004020;GO:0005524;GO:0004781;GO:0019344;GO:0070814;GO:0009086;GO:0010134;GO:0019379,3: Inferred from homology,,A1D858
A2QRF6,HOG1_ASPNC,Mitogen-activated protein kinase hog1,hog1,Aspergillus niger (strain ATCC MYA-4892 / CBS 513.88 / FGSC A1513),365,MAEFVRAQIFGTTFEITSRYTDLQPVGMGAFGLVCSARDQLTGQPVAVKKIMKPFSTPVLSKRTYRELKLLKHLRHENIISLSDIFISPLEDIYFVTELLGTDLHRLLTSRPLEKQFIQYFLYQILRGLKYVHSAGVVHRDLKPSNILINENCDLKICDFGLARIQDPQMTGYVSTRYYRAPEIMLTWQKYDVEVDIWSAACIFAEMLEGKPLFPGKDHVNQFSIITELLGTPPDDVIQTICSENTLRFVKSLPKRERQPLASKFKNADPDAVDLLERMLVFDPKKRIRAGEALAHEYLAPYHDPTDEPVAEEKFDWSFNDADLPVDTWKIMYSEILDFHNIDQANDAGQVLVEGAVADGQQAFA,2.7.11.24,GO:0005737;GO:0005634;GO:0005524;GO:0004707;GO:0106310;GO:0051403,3: Inferred from homology,,A2QRF6
A7XRZ1,TDIE_EMENI,Probable methyltransferase tdiE,tdiE,Emericella nidulans (strain FGSC A4 / ATCC 38163 / CBS 112.46 / NRRL 194 / M139),317,MVNRPYANMNDLANAVAESVQKYLDNSGQARNGLFQKTNNGERDIETERLALQHQLFHLTLDGKLQLSPLPSPVQSVLDIATGDSTWVHAFAEQNPSAYIVANDPSPTSKIPLGLSVIPDASDANEPWTYTRQFDFVHCRQHHRRLDEPRLFKQAFSSLTPGGWLEMQELSNPVTSDDGTLSENNPLSQWGRLLIEASKKMNRPVDNPAKYETWMREAGFVNCHTVAYNWPTNPWPADEKGKTLGLWNLYNVLQRFEEFSVALLVKVLGWEMDDAKTFLGNVKEELMNEGVHGYWPVYVVYGQKPAAPGSDVITDSE,2.1.1.-,GO:0003824;GO:0008168;GO:0032259;GO:0044550;GO:0045461;GO:1900796,2: Evidence at transcript level,,A7XRZ1
B0XPE4,MKK2_ASPFC,Mitogen-activated protein kinase kinae mkk2,mkk2,Aspergillus fumigatus (strain CBS 144.89 / FGSC A1163 / CEA10),503,MSSSPVPLLRPPVPGNRGNGPRPPKLTLGIPPSPNSRPVDGNGVGPAAAAPEAPQPQRPSTRPAPPQLRLATPMGSSSDVPQEVPRLANGRPAPPPLATTGLNESTGHSRSSSFTYLDGKASGPASASSSNYSALSFAMGLRQPHGSTPDPSSAISSVYSDREGGVQMERDNSVNGLLPDLDKLSLEKGRPLDVDDLDDEGWLAASEQKKIIELGSLGEGAGGAVTRCKLKDGKTVFALKIITTDPNPDVKKQIVRELNFNKDCASEHICRYYGAFMDKSTGTISIAMEFCEGGSLDSIYKEVKKLGGRTGEKVLGKIAEGVLNGLTYLHSRKIIHRDIKPSNILLCRNGQVKLCDFGVSGEFGTKGDANTFIGTSYYMAPERITGQSYTITSDVWSLGVTLLEVAQHRFPFPADGTEMQPRAGLIDLLTYIVRQPIPKLKDEPENRIRWSDNFKYFIECCLEKEPPRRATPWRMLEHPWMLDMKNKKVNMANFVRQVWGWQD,2.7.11.24,GO:0005737;GO:0000935;GO:0005524;GO:0004708;GO:0000196;GO:0050850,3: Inferred from homology,,B0XPE4
B0XPW9,KAD2_ASPFC,Adenylate kinase,adk1,Aspergillus fumigatus (strain CBS 144.89 / FGSC A1163 / CEA10),257,MAPITEEVVHGLKDMIEKLENRVQELEARLGGESKPKSIAEQMRIVLMGPPGAGKGTQAPRLKEKYCVCHLATGDMLRSQVAKKTELGKEAKKIMDQGGLVSDEIMVNMIKNELDTNSECKNGFILDGFPRTVAQAERLDDMLEARNQKLQHAIELQIDDALLVARITGRLVHPASGRSYHKIFNPPKNDMKDDVTGEPLIQRSDDNAETLKKRLSTYHAQTAPVVEYYKKTGIWRGIDASQEPGQVWKSLLGVFQK,2.7.4.3,GO:0005829;GO:0005758;GO:0004017;GO:0016208;GO:0005524;GO:0003688;GO:0006172;GO:0046033;GO:0046034;GO:0006270;GO:0036388,3: Inferred from homology,,B0XPW9
B0XZV7,SPHA_ASPFC,Aminoacyl transferase sphA,sphA,Aspergillus fumigatus (strain CBS 144.89 / FGSC A1163 / CEA10),470,MAANGKVVSEMIAWIKSQKLIAPRMKDAPTFYRNLEEALDVRRSTQSLMTRGQSTWKTGDAIDFCSNDLLSLGLTGELRREFLAELARHPDFSLHSGGSRVMGGNYDYIEAVEQEIADFLGAETALMFNSGSNGNIAIYTAIPRPGDAIVYDELVHFSTHTGMAASLATTKVAFRHNDLDAFREAMSSTMDSHPMLQDGSRSILVSVESVYSMDGDVCPLVEMLEIAREICPKGNFAFIADEAHATGVVGPRGVGLVKLLGLENEVAIRLNTCGKALACTGSVVLGNATVRNMLLNYAGSLVNTTAPSFPSVAVIRAAYNLMRTGATQKAQDNIQHLVKYFFESITSSNIWDKATDLGILSIPVAEDYESLDFVTHIVPIWTRQKYNWWLFFHLQLAKIAVVPIDYPQVPKGKSRVRVMIHAGNTEEQVDYLVATLCDFANEMIDIEEGGEKGKIPKAAQEIYALMAAHA,2.3.1.-,GO:0030170;GO:0008483;GO:0009102,1: Evidence at protein level,,B0XZV7
B0Y462,MPKC_ASPFC,Mitogen-activated protein kinase mpkC,mpkC,Aspergillus fumigatus (strain CBS 144.89 / FGSC A1163 / CEA10),378,MAEFVRAEVLGTKFEYTTRYVNPQPIGMGSFGLVCSAFDQITQQPVALKKIMKPFDSSSLAKRTYREIRLLKYLRHENLICMRDIFISPLEDIYIATELLGTDLGRLLSIKPLDSKFSQYFIYQILRGLKYIHSANVIHRDLKPTNILINENCDLKICDFGLARLQEPQMTGYVATRYYRAPEIMLTWQRYGVQVDVWSAGCILAEMLRGKPLFPGKDHVHQFHLITNILGNPPDAVIEKITSKNTVNFVKSLPSREPRDLSTVVPKDTDFDAIDLLKKMLVIDPDTRISAQDALRHPYLAPYHDPTDEPVASGPFDWSFDSADFPKETSKIMIYSEVLDYLNVDNPADPAPFDPSTPFDPSALEREFSEFLSDSGQT,2.7.11.24,GO:0005634;GO:0005524;GO:0004707;GO:0106310,3: Inferred from homology,,B0Y462
B0Y6Z7,DSCB_ASPFC,DSC E3 ubiquitin ligase complex subunit B,dscB,Aspergillus fumigatus (strain CBS 144.89 / FGSC A1163 / CEA10),305,MLTSGLTNAPITKLLLIYTIASSIALSILDIKHLASIHVSPHLWPYAQFWRLATWQLAGFTNSTEALFAAMLAYHLRVVERAWGKRKFATFIISTLPYTSLLPPLLLVLLRPLTLYKLNYLPCGPTATLFALLAQYHAGIPHTFRYRISTSTSTSTSTSTSSANRDTDASGRGEGAQGKHLTLLLSDKSTTYLVAAQLALSQFPGMMLPAAVGWVVGVAWRAEVLPVPSARWRVPAWAVGEKEMGRRGTQGGEGGERYEDLRRRLEGEAVAAAAAASGNAGSASEASGQRQRRREGGIMDRLRAL,2.3.2.27,GO:0005789;GO:0004252;GO:0016740,3: Inferred from homology,,B0Y6Z7
B8N406,LAEA_ASPFN,Secondary metabolism regulator laeA,laeA,Aspergillus flavus (strain ATCC 200026 / FGSC A1120 / IAM 13836 / NRRL 3357 / JCM 12722 / SRRC 167),369,MFGNGQTGQRLPAMASPPHDSYYSQSLASSRSRNNSDAMDIYAITDRDPPAREPSGYSQWYRNGSPSVNSIHSKSSEKQPFYEENGRMYHAYRKGVYMLPCDEQEQDRLDIFHKLFTVARVSDGLMYAPHPRNGRFLDLGCGTGIWAIDVANKYPDAFVVGVDLAPIQPSNHPKNCEFYAPFDFESPWAMGEDSWDLIHLQMGCGSVMGWPNLYRRIFAHLRPGAWFEQVEIDFEPRCDDRPLEGLAIRQWYQYLKQATQDAMRPINHNSRDTIRDLQEAGFTDIDHQMVGLPLNPWHQDEHERKVARWYNLAVSESIESLSMAPFSRIFNWDLDRIRRISSEVKSEAFNKEIHAYNILHIYQARKPAN,2.1.1.-,GO:0005634;GO:0008168;GO:0032259;GO:0030435,1: Evidence at protein level,,B8N406
B8NM71,USTH_ASPFN,Glutathione hydrolase,ustH,Aspergillus flavus (strain ATCC 200026 / FGSC A1120 / IAM 13836 / NRRL 3357 / JCM 12722 / SRRC 167),591,MASKWIEEQPLVHRRDIRISSKSRIAAGLLVLLVLWRYGLPSSIHFGFSSEEPKQLGAVASEHALCSRYGADMLERGGNAADAMVATMFCIGVVGMYHSGIGGGGFMLIKSPDGDFEFVDFRETAPAAIVALGKNTSAGLRSGVPGEVRGLEYLHRKYGVLPWSVVLEPAIRTARDGFLVQEDLVNYIDMAVEETGEDFLSKHPSWAVDFSPSGSRVRLGDTMTRRRLAATLERISVDGPDAFYSGPIAEDMVASLRNVGGIMTLEDLANYTVVTRDTSHIDYRGYQITSTTAPSSGTIAMNILKVLDTYDEFFTPGTTELSTHRMIEAMKFAFGLRTRLGDPSFVHGMEEYENHILSAEMIDHIRQSISDSHTQDTSAYNPDGLEVVNSTGTAHIATVDHQGLAISATTTINRLFGNQIMCDRTGIIMNNEMDDFSVPTSSPPTFGHTPSSTNFAEPGKRPLSAISPAIILHPDGSLFLIAGSAGSNWITTTTVQNIISGIDQNLAAQEILATPRVHHQLIPNHAIFETTYDNGTVDFLSQLGHEVTWYPPAASMAHLIRVNADGGFDPAGDPRLKNSGGVVALQRRKFW,2.3.2.2;3.4.19.13,GO:0005886;GO:0036374;GO:0103068;GO:0006751;GO:0006508,3: Inferred from homology,,B8NM71
D4ALQ5,CRH11_ARTBC,Crh-like protein ARB_05253,,Arthroderma benhamiae (strain ATCC MYA-4681 / CBS 112371),465,MKLSLAAALLGALAVSAQTSTECNPLKQKCPADPALAGSADFGLTSESPRFHATGGTPTYGNDGASLTIGKRFDAPKLTSDFYIMFGYVEWEIKAAPGKGIVSSAVLLSDCLDEIDWEFLGGDPNQVQSNFFGKGDTTTYDRVKFHPAPNNNQEFHKYAVDWTADKTTFYIDGQNVRELTPDAAKGQYPQTPMRVLAGSWAGGDPSNNQGTIEWAGGETDFSKVPFTMFVKSIKVTDYSTGKEYVYKDMTGKWESIQAVDGQVNKSGKPGSGPKVESSTLPSSPSTSAHVPVHTVPGGGIGNPQAPNTGSSPSNTLTNGPSSTMTSLVGLPSSWIVTETGTGGVVTPTSAAESTSHHSDYTSRSSRSVSSSVSASSGNGGHGMTTSTGSGSAPTGTGSLPGSGSGSAPGYPVPTGTNGGGSNNPTDGGASPTSPAMQAPGSTGAIHSVSNALLLSFCAIAAWALV,,GO:0005576;GO:0009277;GO:0098552;GO:0016757;GO:0004553;GO:0005975;GO:0031505,1: Evidence at protein level,,D4ALQ5
D7PHZ5,VRTD_PENAE,Farnesyl pyrophosphate synthase vrtD,vrtD,Penicillium aethiopicum,349,MATSTTTSLKEFLSVFPQLVADLRALCLEEYQLPACVWDRFESTLNHNTLGGKCNRGLSVIDSVRLLRDGLELSPAEYFDAAVLGWLVELLQATMLVLDDIMDGSPTRRGKPSWYRVPGVGMAAVNDATMLESAIYMLLKKYFAGRAIYLPVVDLFHETALQIELGQAFDMLIANEGTPDLTTFVPATYSQIVTYKTAFYSFYLPVALALHAVDAATPTNLAAARAILVPMGEYFQVQDDYLDCFADPTVLGKVGTDIIEGKCSWLVVQALQRASTDQAQLLAENYGSASGESSVKALYSELDLESVYRTFEEQRVAELRTLITGLDESQGLRKSVFEELLGKIYQRRK,2.5.1.1;2.5.1.10,GO:0005737;GO:0004337;GO:0004161;GO:0046872;GO:0045337;GO:0140872,1: Evidence at protein level,,D7PHZ5
E0Y3X0,NOTC_ASPSM,6-Hydroxy-7-prenyldeoxybrevianamide E synthase notC,notC,Aspergillus sp. (strain MF297-2),426,MAIEEKSTSAEPGPYDALSRFSSLTGEDDRKWWEHTGPVLEKVMRDSGYELQSQYIYLYFVQQHLIPYLGKFPTRGQDDHRWQSNLTPYKVPYELSWNVSHKVVRISWDPVCDASGTENDAFNKKAIHDCTRQLAELDSTVILDRYRLLHKDLVITDEEEQQLLRRDVLPKSGRGQHNLAVDFQEGGITLKVYFYPYMKFLATGTPIEELFFSAIEKLRIADIDEAVGMLKCFLSPKSDDGKPSVDEKVFPSLLACDLCDPSKSRIKYYVIDKWVKWERIANLWTIGGRRLEDPYCAKGLALLKELWDLLAIPEGDRGDIWPNLVLGQPPTHLMTTIANYTLSPASRFPEPQVYLTTFGLNDMAIIDALTAFYERVGFTDMAKSYKKNVQSYYPNLDLNQTNWVHEAVSFSYRNSKPYLSVYYSPF,2.5.1.-,GO:0004659;GO:0009820,1: Evidence at protein level,,E0Y3X0
O59921,TPS1_EMENI,"Alpha,alpha-trehalose-phosphate synthase [UDP-forming]",tpsA,Emericella nidulans (strain FGSC A4 / ATCC 38163 / CBS 112.46 / NRRL 194 / M139),504,MPGVEKSSQNESRLLLVSNRLPITIKRSEDGKYDFSMSSGGLVSGLSGLSKTTTFQWYGWPGLEVPEEEIPTLKNRLKEEYNAIPVFIDDELADRHYNGFSNSILWPLFHYHPGEITFDESAWEAYKEANRLFAQAVASQVQDGDLIWVHDYHLMLLPEMLREEIGNTKKNIKIGFFLHTPFPSSEIYRILPVRNELLLGLLHCDLIGFHTYDYTRHFLSACSRLLGLPTTPNGIEFQGKIIACGAFPIGIDPEKFKEGLKKEKVQKRIATLEQKFQGVKLMVGVDRLDYIKGVPQKLHALEVFLSDHPEWVGKVVLVQVAVPSRQDVEEYQNLRAVVNELVGRINGKFGTVEFMPIHFLHKSVNFDELIALYAVSDACVVSSTRDGMNLVSYEYIATQEKRHGSLVLSEFAGAAQSLNGSIIVNPWNTEELAAAYHEAVTMSDEQRALNFSKLDKYVNKYTSAFWGQSFVTELTRISEQAAGKLPTKETPVNGETSKLETSSQ,2.4.1.15,GO:0005946;GO:0003825;GO:0005975;GO:0034605;GO:0070301;GO:0005992,3: Inferred from homology,,O59921
P0C955,GEL3_ASPFU,"1,3-beta-glucanosyltransferase gel3",gel3,Aspergillus fumigatus (strain ATCC MYA-4609 / CBS 101355 / FGSC A1100 / Af293),544,MRYSLVVGVVLLSGCAIATGSKFFYANNGSEFYIRGVAYQEDYSGGGAGGTGQSEANYVDPLADGSKCERDIPYLLQLRTNVIRTYAVNPSLNHDACMQKLSDAGIYVITDLASPDESITSNSPVWTVDQYARYTSVIDAFQKYDNVIGFFAGNEVVNQANQSAGAAFVKAAARDMKAYIKTKGYRQSLAIGYATTDNPEIRLPLSDYLNCGDQADAVDFFGYNIYEWCGDKTFQTSGYQNRTEEYKDYSIPIFFSEYGCNTEKPRKFTDVPVLFGPQMDNVWSGGIVYMYFETTNDYGLVSVSGSAVTPEPDFTYLSSEIQSATPTGVNSASYSPTNSPRACPTVDDTWLAKSSPLPPIPNAELCSCMVSSLSCVVKDSVDAEKYGELFGQVCGYGGGICDGIARNATAGSYGAYSVCTSKDQLSYVFDRYYKSQKKAASACDFAGAASVQSPKGESADCKSLVSQAGSAGTGTVTSQPTGGSGSTGGGGGGGGGGGGAAASTSTSKGAAAGAASPAAVRMGGWPLVTYGLVAAMAGILMISL,2.4.1.-,GO:0009277;GO:0005886;GO:0098552;GO:0042124;GO:0071970;GO:0031505,3: Inferred from homology,,P0C955
P14010,GABAT_EMENI,4-aminobutyrate aminotransferase,gatA,Emericella nidulans (strain FGSC A4 / ATCC 38163 / CBS 112.46 / NRRL 194 / M139),498,MASAFRSSLKLRASARLPAVRTITTTPRLRAAEKPYFPNEPTAPKLATAIPGPKNKAASEQLNEVFDVRSLNMLADYTKSVGNYIADLDGNMLLDVYAQIASIPVGYNNPHLLKVAASPEMATSLINRPALGNFPSADWAHILKTGILKVAPKGLDQVFTAMAGSDANETAYKAAFMYYRQQQRGGPEKEFTEEEIQSSMLNQTPGSPQLSIMSFKAGFHGRLFGSLSTTRSKPIHKLDIPAFDWPQAPFPSLKYPLEEHAKENAEEEQRCLQEAERLIKEWHNPVAAIIVEPIQSEGGDNHASPAFFRGLREITKRNNVLFIVDEVQTGVGATGKFWAHDHWNLETPPDMVTFSKKAQTAGYYFGNPALRPNKPYRQFNTWMGDPSRALIFRGIIEEIERLFLVENTAATGDYLYSGLERLAKQYPEHLQNLRGKGQGTFIAWDTPKRDEFLVKGKGVGINIGGSGQNAVRLRPMLIFQKHHADILLESIEKIIKQL,2.6.1.19,GO:0005829;GO:0005739;GO:0034386;GO:0030170;GO:0043605;GO:0009450,3: Inferred from homology,,P14010
P21133,AATA_EMENI,Acyl-coenzyme A:6-aminopenicillanic-acid-acyltransferase 40 kDa form,penDE,Emericella nidulans (strain FGSC A4 / ATCC 38163 / CBS 112.46 / NRRL 194 / M139),357,MLHVTCQGTPSEIGYHHGSAAKGEIAKAIDFATGLIHGKTKKTQAELEQLLRELEQVMKQRWPRYYEEICGIAKGAEREVSEIVMLNTRTEFAYGLVEARDGCTTVYCKTPNGALQGQNWDFFTATKENLIQLTICQPGLPTIKMITEAGIIGKVGFNSAGVAVNYNALHLHGLRPTGLPSHLALRMALESTSPSEAYEKIVSQGGMAASAFIMVGNAHEAYGLEFSPISLCKQVADTNGRIVHTNHCLLNHGPSAQELNPLPDSWSRHGRMEHLLSGFDGTKEAFAKLWEDEDNYPLSICRAYKEGKSRGSTLFNIVFDHVGRKATVRLGRPNNPDETFVMTFSNLDTKSAIQANI,2.3.1.164,GO:0005782;GO:0050640;GO:0042318,1: Evidence at protein level,,P21133
P38092,HEM1_EMENI,"5-aminolevulinate synthase, mitochondrial",hemA,Emericella nidulans (strain FGSC A4 / ATCC 38163 / CBS 112.46 / NRRL 194 / M139),648,MEALLQQSRAMCPFLKRSSPNTLRSLATATRPSTSPGGGTMTNLQRIARRCPVMSKALAVQSARMTGTKRFTSSAAGVPGAGAGTPKPTRGSPGKRALHSTGGNGANMSTEFHKGAQQIHPGLSNATRSHVGASATVSGPTPRAPVAAPFDYDAFYNAELQKKHQDKSYRYFNNINRLAQEFPRAHTASKDEKVTVWCSNDYLGMGRNPEVLATMHKTLDTYGAGAGGTRNISGHNQHAVSLENTLAKLHGKEAALVFSSCFVANDATLATLGSKMPDCVILSDSLNHASMIQGIRHSGAKKMVFKHNDLVDLETKLASLPLHVPKIIAFESVYSMCGSIAPIEAICDLADKYGAITFLDEVHAVGMYGPHGAGVAEHLDYEIYASQDTANPLSTKGTVMDRINIITGTLGKAYGCVGGYIAGSAALVDTIRSLAPGFIFTTSLPPATMAGADTAIRYQARHQQDRILQQLHTRAVKQSFKDLDIPVIPNPSHIVPLLVGDAELAKQASDKLLEEHGIYVQAINYPTVPRGEERLRITPTPGHTQELRDHLVEAVNTVWNDLGIKRASDWKAMGGFVGVGVEAAELENQPIWTDAQLNMRPDETLEAAVEREFQAAVPGMKAGGAKAKPVGSIAANPIGASIPVAAAA,2.3.1.37,GO:0005759;GO:0005739;GO:0003870;GO:0030170;GO:0006783;GO:1902117;GO:0006782,3: Inferred from homology,,P38092
P50867,CYSK_EMENI,Cysteine synthase 1,cysB,Emericella nidulans (strain FGSC A4 / ATCC 38163 / CBS 112.46 / NRRL 194 / M139),370,MFRQSVRRFATAALRSAAESPYNVRVSQAQGFVNGLTEAIGNTPLIRLKRLSEETGSNILAKAEFQNPGGSVKDRAALYVVKDAEERGLLKPGGTVVEGTAGNTGIGLAHVCRSKGYKLVIYMPNTQSQGKIDLLRLLGAEVYPVPAVAFDNPENYNHKARRHAESLDNAVWTNQFDNTANRRAHIETTGPEIWAQTGGKLDAFTCSTGTGGTLAGITYYLKQASGGRVKSFLADPPGSVLHSYIQSGGKLVERSGSSITEGIGQGRITDNLQPDVGTLDGSLNISDEKTIEMIYRCLDEEGLYLGASSALNVVAAKEVAEKLGKGSTVVTILADGAYRYADRLFSKSWLESKGLRNAIPKHLEKYIVLP,2.5.1.-;2.5.1.47,GO:0005737;GO:0005739;GO:0004124;GO:0141223;GO:0008652;GO:0006535,3: Inferred from homology,,P50867
P54119,CDK1_AJECA,Cyclin-dependent kinase 1,CDC2,Ajellomyces capsulatus,324,MENYQKIEKIGEGTYGVVYKARDLTHPNRIVALKKIRLEAEDEGVPSTAIREISLLKEMHDPNIVRLLNIVHADGHKLYLVFEFLDLDLKKYMEALPVSEGGRGKALPDGSTLDMNRLGLGEAMVKKFMAQLVEGIRYCHSHRVLHRDLKPQNLLIDREGNLKLADFGLARAFGVPLRTYTHEVVTLWYRAPEILLGGRQYSTGVDMWSVGAIFAEMCTRKPLFPGDSEIDEIFKIFKLLGTPDENTWPGVTSFPDFKASFPKWKREDTRKLVPGLERNGLDLLDAMLEYDPARRISAKQACMHPYFQAGSSAYSGRERLQPYP,2.7.11.22,GO:0000307;GO:0005737;GO:0005634;GO:0005524;GO:0030332;GO:0004693;GO:0106310;GO:0051301;GO:0000082;GO:0010389;GO:0010468;GO:0007165,3: Inferred from homology,,P54119
P9WEP0,AUAS_ASPUT,Aspergildiene synthase,AuAS,Aspergillus ustus,710,MDAALRDICQLSDPCDPRSFEPPIKDFFCIYPMYRSRYEAKAIQGSNEFLDGWNKAIEKDGLRNDGRPFLGCNTIYGNYVAWAYPECLPERAAHVAAYCDWGFFWDDATDAMSMEKNHEATKDLILTIMSTVGIGQKHEPLLAVNKLVVPFVLNKLAGTDGDLGLNHMKAWKAHLDGQARSSHANMSWEELKQHRLVEGGPEWAIRLGAWGAGIRCTAEEIESVREIIDIGGIAGVLANDYYSFNKEFDEHSRAGTIERMQNGVALLMREYGYSEEEAREILKKEINKMEQQFMDMYLTWLNGPVQKSRGLIQYLTMVLCLYSGTMFWMAHGARYHRTDLITTAEDRATIIGKCQGDAFRVMEGYPPPKGLKRTASSPESAPKRRASKANNINQSNGRGGDPMVAFSGPFVKAPSHICDAPYEYIDSLQSKNMRDKFINILNSWLNVPSDSLQIIKNIVQMLHNSSLMLDDIEDASPLRRGQPATHIFYGASQTINSANFSYVKTVIEATHLKNPQCLQIFLEEVSDLHRGQSLDLHWRHHGRCPTTDEYIMMVDNKTGGLFRLMARLMEAESPSPITTPHLSRLLTLIGRYYQIRDDYMNLTSADYTTKKGYCEDLDEGKFSLPLIHLLLHTSCPDRITSALYNRVPSTGLQDEVKTYILDAMQSARTFEYVREVLSHLHGEIMKTLDEAEKTLGINNGVRMLLVGLGL,,GO:0016829;GO:0046872;GO:0004659;GO:0046165;GO:0043386;GO:0016114,1: Evidence at protein level,,P9WEP0
P9WEV2,STTA_ASPTE,Preaspterpenacid I synthase sttA,sttA,Aspergillus terreus,778,MDTISDVMKHCVPINYDDYDPLPADHFSTYPVFCSKATAEAIEASAEFTRKWKRACEVDGLHQDKLSFQACTTHLGHYNQWAYPDCVPERVSLNAVLSDCAFFWDGMSPVTGRSANVMITSPVDVSDSISAEKMNELTQDFGIAMLSELQSGRRIEPKFEINKMAVQVIRDFIAVDPFTGIGHLKEWKGHLDAQKKSTHNNMSWEKYVEHRVNESGGNWGISVGCWTNDIRISDEEKESVKYLTQLACAGGILGNDYYSFPKEFDEHHRSGTLDRIQNGVALLMREYGYTEEEAKEIIKKEVIIREKKWMDGFNAWSRQAGPETGEIRRYLVMTMALMSGSMFWMSHAGRYHRTDLATTAEDRATLIGKSRGALRVLEGYPPPKNLEGIVREPLASAVQDDNGHVQHEDAVADSSVRNGVHDAFKKSNPRNGKQNGTEGSKGTFTNGGYVQPAKLQQHCTSINSMAIYTAPFQEAAGDICDAPYGYIDSLPSKKNRNKLLDLLNDWLQVPPSSLKRIKNIVHMLHNSSLMLDDIEDASALRRGQPATHTFYGISQTINSANYIYVHVVDEVTRLYNPECINIFVDELRNLHRGQSLDLYWRHHARCPSMEEYIVMVDNKTGGLFRLMLRLLTAESSISRPFDTALSRLLTLTGRYYQIRDDYLNLASADYESKKGFCEDFDEGKFSLPLIHLLSHTRYPDRITSALFNRKPGTNLPYEMKRYILAEMEEVQTLAYSQDVLKYLHEELMHALDEAENRLGANDGVRMMLLGMGPKLLLC,,GO:0004311;GO:0016829;GO:0046872;GO:0046165;GO:0043386;GO:0016114,1: Evidence at protein level,,P9WEV2
Q0C7Y1,KAD2_ASPTN,Adenylate kinase,adk1,Aspergillus terreus (strain NIH 2624 / FGSC A1156),257,MAPITEETVAGLKDTIGKLEARIEDLEGRLGQSKPKSVAEQMRIILMGPPGAGKGTQAPRIKEKYCVCHLATGDMLRSQVAKKTELGKEAKKIMDQGGLVSDEIMVNMIKSELENNAECKNGFILDGFPRTVAQAERLDDMLAARQQKLQHAIELQIDDALLVARITGRLVHPASGRSYHKIFNPPKQEMKDDITGEPLIQRSDDNAETLKKRLGTYHAQTAPVCDYYKKTGIWRGIDASQEPGQVWKSLLGVFQKN,2.7.4.3,GO:0005829;GO:0005758;GO:0004017;GO:0016208;GO:0005524;GO:0003688;GO:0006172;GO:0046033;GO:0046034;GO:0006270;GO:0036388,3: Inferred from homology,,Q0C7Y1
Q0CC19,MET3_ASPTN,Sulfate adenylyltransferase,met3,Aspergillus terreus (strain NIH 2624 / FGSC A1156),574,MANSPHGGVLKDLLARDAPRHDELAAEAETLPAIVLSERQLCDLELIMNGGFSPLEGFMTQKDFDGVCENCRLADGHLFSMPITLDASQQVISDSNLKPGSRVTLRDFRDDRNLAILTIEDIYRADKEKEAKLVFGGDPEHPAIKYLNTKVEDFYIGGKIEAVNKLNHYDYVALRYSPAELRVHFDKLGWTRVVAFQTRNPMHRAHRELTVRAARARQANVLIHPVVGLTKPGDIDHFTRVRAYQALLPRYPNGMAVLGLLPLAMRMGGPREAIWHAIIRKNHGATHFIVGRDHAGPGKNSKGEEFYGPYDAQHAVEKYREELGIEVVEFQQVTYLPDTDEYKPKDEVPAGIKTLDISGTELRNRLRTGAHIPEWFSYPEVVKILRESSPPRATQGFTIFLTGYMNSGKDAIARALQVTLNQQGGRSVTLLLGDTVRHELSSELGFSAEDRHTNVQRIAFVAGELTRAGAAVIAAPIAPYERSRKAAREAVSGLGGSFFLVHVNTPLEYCEKTDKRGIYAKARRGEIKGFTGVDDPYEAPENADLVVDVSKQSVRSIVHEIILMLESEGYFDRL,2.7.7.4,GO:0005737;GO:0004020;GO:0005524;GO:0004781;GO:0019344;GO:0070814;GO:0009086;GO:0010134;GO:0019379,3: Inferred from homology,,Q0CC19
Q2U3T8,BUD32_ASPOR,EKC/KEOPS complex subunit bud32,bud32,Aspergillus oryzae (strain ATCC 42149 / RIB 40),272,MSQDPYTPPPLPKPFTNTTPPPTLLTQGAEAHLYKTIHLNTNTPAALKIRPSKPYRHPILDRRLTRQRILQEARCLVKLVREGVNVPAVLALDWEGQGGENGNGGAWLLMEWIEGLVVRVVFERWEAFIKASGGSLGEKELRREEEKVRGLMRGIGGVVGGLHKAGVIHGDLTTSNLILRTGDVDIKDGESPAMVGDVVLIDFGLAGQSSSEEDRAVDLYVLERAFGSTHPQAEKFFEEVLEGYKDSYKGAAVTLKRLQDVRMRGRKRSMIG,2.7.11.1;3.6.-.-,GO:0000781;GO:0005829;GO:0000408;GO:0005634;GO:0005524;GO:0016787;GO:0106310;GO:0004674;GO:0008033;GO:0070525,3: Inferred from homology,,Q2U3T8
Q2UBH0,KAD2_ASPOR,Adenylate kinase,adk1,Aspergillus oryzae (strain ATCC 42149 / RIB 40),258,MAPITEEAVSGLKDIIGKLEARVEELESRLSNGFKPKSVAEHMRMVLMGPPGAGKGTQAPALKDKYCVCHLATGDMLRSQVAKKTELGKEAKKIMDQGGLVSDEIMVNMIKSELDNNSECKNGFILDGFPRTVAQAERLDDMLAARQQKLQHAVELQIDDALLVARITGRLVHPASGRSYHKVFNPPKQEMKDDITGEPLIQRSDDNAETLKKRLGTYHAQTAPVVDYYKKTGIWRGIDASQEPGQVWKSLLGVFQQN,2.7.4.3,GO:0005829;GO:0005758;GO:0004017;GO:0016208;GO:0005524;GO:0003688;GO:0006172;GO:0046033;GO:0046034;GO:0006270;GO:0036388,3: Inferred from homology,,Q2UBH0
Q4U3Y2,HXK1_ASPFU,Hexokinase-1,hxkA,Aspergillus fumigatus (strain ATCC MYA-4609 / CBS 101355 / FGSC A1100 / Af293),549,MTAPLVKVLHRMQELFSNIVAALEAMIVFPSLFRDPSRKRRKTFHGAYWRRRTLDNFAEEVDRLFTSPLSLRNMIIMSEKIREQFKSCLQSSPVCMLPSYNHALPSGTEKGTYLALDVGGSTFRVALIELGGAGAMKILQESSSPIDNDVKLLEGTLFFDWMAEKIESMLSAVGADYGREAVPLSMGLSWSFPIEQTSISSGLVIHMGKGFLCSNGTLGQELGDLIVQSCRRRSLNVRVDAIVNDSSAALLSRAYVDPKTRMSLILGTGTNVAVHFPVREIGLTKFGTRPPGWFDYAKHVIINSELSMFGGGILPMTRWDDILNQTHLRPDYQPLEYMVTGRYLGEIVRLIITEAVETANLFRGELPHSMRDPYSFDTSIVAFLEADTSPSLVPSAALLQKEHTFPVSPSVEDLRFLRRICQIVSKRAAGYLATAIHSMWCLRNDAEFSDPTESKASSVKDTQEITIVESEEDSRSLSIACDGSVINKYPGFRDRCQGYLNQLTQQTNSSQGPLDPATSPYIRLELAPESAILGAAVAVAVAVEDQKSG,2.7.1.1,GO:0005829;GO:0005739;GO:0005524;GO:0005536;GO:0008865;GO:0004340;GO:0019158;GO:0051156;GO:0006006;GO:0006096;GO:0001678;GO:0006013,2: Evidence at transcript level,,Q4U3Y2
Q4WEB8,ERG20_ASPFU,Farnesyl pyrophosphate synthase erg20,erg20,Aspergillus fumigatus (strain ATCC MYA-4609 / CBS 101355 / FGSC A1100 / Af293),347,MATTTSRAAFEAVFPTLAEDLLAHAKKYNLPENAVKWFEQVLNVNVPGGKLNRGLSVPDTGIALLQKPLTDEQFKHLSILGWLTELLQAFFLVSDDMMDSSITRRGQPCWYRHPGVGLIAINDAFMLESGIYVILKKHFRSHPAYVDFLELFHETTWQTELGQLCDLITAPEDKVDLDNFSMEKYMFIVTYKTAYYSFYLPVALALLYLELATPENLQQTHDILIPLGQYFQVQDDYLDAYGDPAVIGKIGTDIQDNKCSWLINQALQRCNTEQRKLLDTAYGRKDSELEAKVKALYKELDLEKVYKEYEEKTVGEIRRKIAAIDESQGLKKEVFEAFLGKIYKRTK,2.5.1.1;2.5.1.10,GO:0005737;GO:0004337;GO:0004161;GO:0046872;GO:0046165;GO:0045337;GO:0033384;GO:0043386;GO:0016126,3: Inferred from homology,,Q4WEB8
Q4WXE6,CRH3_ASPFU,Crh-like protein 3,crh3,Aspergillus fumigatus (strain ATCC MYA-4609 / CBS 101355 / FGSC A1100 / Af293),363,MSLLYLVALFVASICSVTAQTWTSCNPLTTTCPPDQALGINTTFTFNKTLDDTIWNVTNGVLSHTDEGTEFTITGENQSPTMQSNFYIFFGIVESHVKMAKGAGIISSIVLQSDDLDEIDWEWVGYNTSEVQSNYFGKGNNETFNRGGYHYVPNADTEFHNYTTYWTQEKLEWWIDGKLARTLTYEDSQGAGKYYPQTPCNIRYGIWPAGIKGNAQGTIEWAGGLVDYSKAPFTMVLQSVRVHDFHTGKEYNYTDHSGSWQSIDVIAGNSTIANAIQNPPKSLSEKWAELPTGAKAGVYIGAGCVGAALLAGFIFFFIAQRKKGRLEHALEDAKWANERTEMSTFQNDWKQSEWKHKGYQPVN,,GO:0005886;GO:0098552;GO:0004553;GO:0005975,3: Inferred from homology,,Q4WXE6
Q4WXF4,GLYC_ASPFU,"Serine hydroxymethyltransferase, cytosolic",shmB,Aspergillus fumigatus (strain ATCC MYA-4609 / CBS 101355 / FGSC A1100 / Af293),471,MATYALSQAHREQMEKSLVDSDPEIAQIMEKEIQRQRESILLIASENVTSRAVFDALGSPMSNKYSEGYPGARYYGGNQHIDAIELTCQARALKAFNLDPEKWGVNVQCLSGSPANLEVYQALMRPHDRLMGLDLPHGGHLSHGYQTPSRKISAVSTYFETFPYRVNTETGIIDYDTLEANAELYRPKCLVAGTSAYCRLIDYGRMRKIADKVGAYLIVDMAHISGLVAAGVIPSPFEYADVVTTTTHKSLRGPRGAMIFFRKGVRSTDPKTGKEIMYDLEGPINFSVFPGHQGGPHNHTITALAVALKQAATPEFRQYQEQVLKNAKALEVEFKALGHKLVSDGTDSHMVLLDLRPKGLDGARVEAVLEQINIACNKNSIPGDKSALTPCGIRIGTPAMTSRGMSEEDFKRVARYIDQVINLCKSIQADLPKEANKLKDFKAKVASGSVPEILALRKEVAEWASTYPLPV,2.1.2.1,GO:0005737;GO:0005739;GO:0004372;GO:0030170;GO:0019264;GO:0035999;GO:0046653,1: Evidence at protein level,,Q4WXF4
Q4WYR6,SSN3_ASPFU,Serine/threonine-protein kinase ssn3,ssn3,Aspergillus fumigatus (strain ATCC MYA-4609 / CBS 101355 / FGSC A1100 / Af293),426,MFGRNFPFFNSIGGFYPRESLDSKRPSGSGYTSKVRVRDKYHIVGFISSGTYGRVYKAIGKDGRKGEYAIKKFKPDKEGEIIQYTGLSQSAIREMALCSELDHPNVVQLAEIILEDKCIFMVFEYTEHDLLQIIHHHTQPQRHAIPAPMIKSILFQLLNGLLYLHTNWVLHRDLKPANILVTSSGAVRIGDLGLARLFYKPLNSLYSGDKVVVTIWYRAPELLMGSRHYTPAVDLWAVGCIFAELLSLRPIFKGEEAKMDSKKTVPFQRNQMMKIIDIMGLPRKETWPGLVSMPEFSQLQSLAMSRGYINRQCNLEGWYQSCLKNNGYSPGSAAGTPGAEGFDLLSRLLEYDPTKRISAREALEHPYFTTGTPVTANCFAGYEGKYPHRRVTQDDNDIRSGSLPGTKRSGLPDDSLMGRAAKRLKE,2.7.11.22;2.7.11.23,GO:0016592;GO:0005634;GO:0005524;GO:0004693;GO:0046872;GO:0106310;GO:0008353,3: Inferred from homology,,Q4WYR6
Q4WYU4,BUD32_ASPFU,EKC/KEOPS complex subunit bud32,bud32,Aspergillus fumigatus (strain ATCC MYA-4609 / CBS 101355 / FGSC A1100 / Af293),277,MASTDPYTPPPLPSPFTNTTPPPQLLTQGAEAHLYKTVFLSPSAPAALKVRPSKPYRHPILDRRLTRQRILQEARCLVKLVREGVNVPAVLALDWEGQSGEKGFGGAWLMMEWIEGMVVRVVLERWEKYMKRNQAGLGAEEFEKEEARVRDLMKRIGHAVGALHKAGVIHGDLTTSNLILRPPTRAEQQPAADETNPSMEGDVVLIDFGLASQSLQDEDRAVDLYVLERAFGSTHPRTEPLFTEVLSGYKESYKGASSALKRLEEVRMRGRKRSMIG,2.7.11.1;3.6.-.-,GO:0000781;GO:0005829;GO:0000408;GO:0005634;GO:0005524;GO:0016787;GO:0106310;GO:0004674;GO:0008033;GO:0070525,3: Inferred from homology,,Q4WYU4
Q5BH89,DOT1_EMENI,"Histone-lysine N-methyltransferase, H3 lysine-79 specific",dot1,Emericella nidulans (strain FGSC A4 / ATCC 38163 / CBS 112.46 / NRRL 194 / M139),501,MGGFDYLQKGGTGFTLQVKKPQIRRVVQTRPAAPSPSANKATPRTVPSGPQKKTPETASRSVTGERGFSPSKRRLTPLRNRKRPTPEQRLSSDDDDDGSDTDTSLELRKRARTGESAEPDYGRRLRSLKAFSGDETRSLPIVHASEITSVQKPGKFKPAFENMNQTSEIFLQYPSATPKERYEAVVPRDDDEFKPLDDIVQVIETVTQAYIPEDELDEFNNESTGIKRRLRRALARGSEREFRESVKDYNVAIERLRRSGSIAKKLDATYRLSLPHVERILTQIYSRTVSPRVDSLRQYENGTDNVYGELLPRFISTIFKETGLKSNHVFVDLGSGVGNVVLQAALEIGCESWGCEMMQNACDLAELQQAEFKARCRLWGIAPGKTHLVRGDFLKEQSIIDVLKRADVVLINNQAFTPQLNNELINHFLDMKEGCQIVSLKSFVPVGHKIQSRNLNSPINLLTVKQRQYWSNSVSWTDVGGSYFIATKDSSRLKAFSESLA,2.1.1.360,GO:0000781;GO:0000786;GO:0005634;GO:0042393;GO:0031151;GO:0140956;GO:0000077;GO:0006281;GO:0032259;GO:0031509,3: Inferred from homology,,Q5BH89
Q8NK83,MET3_ASPOR,Sulfate adenylyltransferase,met3,Aspergillus oryzae (strain ATCC 42149 / RIB 40),573,MANSPHGGVLKDLLARDAPRHDQLAAEAESLPAIVLSERQLCDLELIMNGGFSPLEGFMNQKDFDGVCENCRLADGNLFSMPITLDASQQVINELKLQAGSRVTLRDFRDDRNLAILTIDDIYRADKEKEAKLVFGGDPEHPAIKYLNTKVEEFYIGGKIEAVNKLNHYDYVALRYTPAELRIHFDKLGWSRVVAFQTRNPMHRAHRELTVRAARARAANVLIHPVVGLTKPGDIDHFTRVRAYQALLPRYPNGMAVLGLLGLAMRMGGPREAIWHAIIRKNHGATHFIVGRDHAGPGKNSKGEEFYGPYDAQHAVEKYKDELGIEVVEFQQVTYLPDTDEYKPKDEVPAGVKTLDISGTELRNRLRTGAHIPEWFSYPEVVKILRESSPPRHTQGFTVFLTGYQNSGKDAIARALQVTLNQQGGRAVSLLLGDTVRHELSSELGFSREDRHTNIQRIAFVASELTKAGAAVIAAPIAPYEHSRKAAREAVSQHGSFFLVHVNTPLEYCEKTDKRGIYAKARAGEIKGFTGVDDPYEAPENAHLTVDVSKQSVRSIVHEIILLLETEGFFDRA,2.7.7.4,GO:0005737;GO:0004020;GO:0005524;GO:0004781;GO:0019344;GO:0070814;GO:0009086;GO:0010134;GO:0019379,3: Inferred from homology,,Q8NK83
A0A0B5L778,MPAA2_PENBR,Polyprenyl transferase mpaA',mpaA',Penicillium brevicompactum,331,MTNAVEDSGPRDLLFLLISTSRFNRYMPYYTMMAAVWATFIAGALKLQQDPESLSIEFILYKAGLCFVHCLLLCGAGNTWNDLVDRDIDARVARTKMRPLASGKVTLTEALLWMTGQYFLSVKMLDLILDGRNIWTLMLPLTASIMLYPYLKRPIFSKVFVYPQYILGLAIGYPAITGWASITGSEEPLGDIIKHCIPICLLVFFWCVYFNTAYSHQDSVDDRKMNINSAYVIAGQRIRLFLAFLSVLPLLTIPYIISTINSPWLWVSWMATWTVSIVMQIAQFDSQKLESGGRIHWDNFLLGLWTIVACMVEVGLQKVEFWKNVEGYIKL,2.5.1.-,GO:0005794;GO:0000139;GO:0005886;GO:0016218;GO:0004659;GO:0140722;GO:0016114,1: Evidence at protein level,,A0A0B5L778
A0A2I1BT09,NVFB_ASPN1,DMOA farnesyltransferase nvfB,nvfB,Aspergillus novofumigatus (strain IBT 16806),316,MGGKAQNGEDEARGKVLSSLPPSLVPYAELMRVHRPLGYYLNTSPYVVGVVFGAAVAPTKLPATILLDRLLILVLWSLFLRSAGCVWNDVIDMDLDRQIARTRLRPLPRGAVSSWNAVMLTAGIFACGGSLLSFLPRECAIEALIEIFFALLYPFGKRFTDFPQLILVNIGWAIPMSMHSLGLDPLAYKKPTFFMFLFIALVIVMIDVVYSRQDTEEDMKVGVKSMAVRFKHSIELLSYAFFYASTGALLAAGYYSGLGIPFTVLSVGGHFGGFLYFLKTTGVGKAPQVESYAKLACLIASLFWVVGLFVEYYLRV,2.5.1.-,GO:0005743;GO:0008412;GO:0004311;GO:0140782;GO:0006744,1: Evidence at protein level,,A0A2I1BT09
A0A443HJY8,VDTC1_BYSSP,O-methyltransferase VdtC,VdtC,Byssochlamys spectabilis,433,MAEEIKLTPLETFAQAISASAKTIATYCRDSGHPQLSDDNSSGLTGDVLPPSAPQAVTAARQTILEASYRLQQLVTEPSQYLPRLTVYPQHLAALRWLCHFRIPELIPVQGTRTYYELATEAKVPLHQLQSIARMAITGSFLREPEPNIVAHSRTSAHFVENPSLRDWTLFLAEDTAPMAMKLVEATEKWGDTRSKTETAFNLALGTDLAFFKYLSSNPQFTQKFSGYMKNVTASEGTSIKHLVNGFDWASLGNAIVVDVGGSTGHASIALAESFPDLKFIVQDLPMVTSTSKDNREKTPLPETVASRISFESHDFFKPQPVQNADVYLLRMILHDWSFKEAGEILANLVPSVKQGARILIMDTVLPRHGTVPVTEEALLRVRDMTMMETFNSHEREIDEWKDLIQGVHTGLRVQQVIQPAGSSMAIIEVVRG,2.1.1.-,GO:0008171;GO:0016218;GO:0140783;GO:0032259,1: Evidence at protein level,,A0A443HJY8
A1CL96,SSN3_ASPCL,Serine/threonine-protein kinase ssn3,ssn3,Aspergillus clavatus (strain ATCC 1007 / CBS 513.65 / DSM 816 / NCTC 3887 / NRRL 1 / QM 1276 / 107),426,MFGRNFPFFNSIGGFYPRDSLDPRKPSGTGYTSKVRVRDKYHIVGFISSGTYGRVYKAIGKDGRKGEFAIKKFKPDKEGEIIQYTGLSQSAIREMSLCSELDHSNVVQLAEIILEDKCIFMVFEYTEHDLLQIIHHHTQPQRHAIPAPMIKSILFQLLNGLLYLHTNWVLHRDLKPANILVTSSGAVRIGDLGLARLFYKPLNSLYSGDKVVVTIWYRAPELLMGSRHYTPAVDLWAVGCIFAELLSLRPIFKGEEAKMDSKKTVPFQRNQMMKIVEIMGLPRKETWPGLVAMPEFSQLQSLAMARGHLNRQSNLEGWYQSCLKNNGYSPTSSAGTPGPEGFDLLSRLLEYDPLKRISAQEALEHPYFTTGTPITANCFAGYEGKYPHRRVTQDDNDIRSGSLPGTKRSGLPDDSLMGRAAKRLKE,2.7.11.22;2.7.11.23,GO:1990508;GO:0016592;GO:0005524;GO:0004693;GO:0046872;GO:0106310;GO:0008353;GO:0060258;GO:0000122;GO:0070481;GO:0045944;GO:0031648,3: Inferred from homology,,A1CL96
A1CLD2,BUD32_ASPCL,EKC/KEOPS complex subunit bud32,bud32,Aspergillus clavatus (strain ATCC 1007 / CBS 513.65 / DSM 816 / NCTC 3887 / NRRL 1 / QM 1276 / 107),277,MSSAEPYTPPPLPSPFTNTTPPPQLLTQGAEAHLYKTVFLSPSTPAALKVRPSKPYRHPILDRRLTRQRILQEARCLVKLVREGVNVPAVLALDWEGQNTEKGFGGAWLMMEWVEGLVVRVVLERWERWMKRNQGSSGAEELKEEENWVRDLLRRIGRAVGALHKAGVIHGDLTTSNLILRPPGHVGEQADTGESSPSMEGDVVLIDFGLASQSLQDEDRAVDLYVLERAFGSTHPRTEPFFEEVLNGYRESYKGASSALKRLEDVRMRGRKRSMIG,2.7.11.1;3.6.-.-,GO:0000781;GO:0005829;GO:0000408;GO:0005634;GO:0005524;GO:0016787;GO:0106310;GO:0004674;GO:0008033;GO:0070525,3: Inferred from homology,,A1CLD2
A1D3M8,KAD2_NEOFI,Adenylate kinase,adk1,Neosartorya fischeri (strain ATCC 1020 / DSM 3700 / CBS 544.65 / FGSC A1164 / JCM 1740 / NRRL 181 / WB 181),257,MAPITEEVVHGLKDMIEKLENRVQELEGRLGGESKPKSIAEQMRIVLMGPPGAGKGTQAPRLKEKYCVCHLATGDMLRSQVAKKTELGKEAKKIMDQGGLVSDEIMVNMIKNELDTNTECKNGFILDGFPRTVAQAERLDDMLEARKQKLQHAIELQIDDALLVARITGRLVHPASGRSYHKIFNPPKNDMKDDVTGEPLIQRSDDNAETLKKRLSTYHAQTAPVVEYYKKTGIWRGIDASQEPGQVWKSLLGVFQK,2.7.4.3,GO:0005829;GO:0005758;GO:0004017;GO:0016208;GO:0005524;GO:0003688;GO:0006172;GO:0046033;GO:0046034;GO:0006270;GO:0036388,3: Inferred from homology,,A1D3M8
A1D624,SSN3_NEOFI,Serine/threonine-protein kinase ssn3,ssn3,Neosartorya fischeri (strain ATCC 1020 / DSM 3700 / CBS 544.65 / FGSC A1164 / JCM 1740 / NRRL 181 / WB 181),426,MFGRNFPFFNSIGGFYPRESLDSKRPSGTGYTSKVRVRDKYHIVGFISSGTYGRVYKAIGKDGRKGEYAIKKFKPDKEGEIIQYTGLSQSAIREMALCSELDHPNVVQLAEIILEDKCIFMVFEYTEHDLLQIIHHHTQPQRHAIPAPMIKSILFQLLNGLLYLHTNWVLHRDLKPANILVTSSGAVRIGDLGLARLFYKPLNSLYSGDKVVVTIWYRAPELLMGSRHYTPAVDLWAVGCIFAELLSLRPIFKGEEAKMDSKKTVPFQRNQMMKIIDIMGLPRKETWPGLVSMPEFSQLQSLAMSRGYLNRQCNLEGWYQSCLKNNGYSPGSAAGTPGAEGFDLLSRLLEYDPTKRISAREALEHPYFTTGTPVTANCFAGYEGKYPHRRVTQDDNDIRSGSLPGTKRSGLPDDSLMGRAAKRLKE,2.7.11.22;2.7.11.23,GO:1990508;GO:0016592;GO:0005524;GO:0004693;GO:0046872;GO:0106310;GO:0008353;GO:0060258;GO:0000122;GO:0070481;GO:0045944;GO:0031648,3: Inferred from homology,,A1D624
A1DN10,ANAPT_NEOFI,Indole diterpene prenyltransferase anaPT,anaPT,Neosartorya fischeri (strain ATCC 1020 / DSM 3700 / CBS 544.65 / FGSC A1164 / JCM 1740 / NRRL 181 / WB 181),437,MSPLSMQTDSVQGTAENKSLETNGTSNDQQLPWKVLGKSLGLPTIEQEQYWLNTAPYFNNLLIQCGYDVHQQYQYLAFYHRHVLPVLGPFIRSSAEANYISGFSAEGYPMELSVNYQASKATVRLGCEPVGEFAGTSQDPMNQFMTREVLGRLSRLDPTFDLRLFDYFDSQFSLTTSEANLAASKLIKQRRQSKVIAFDLKDGAIIPKAYFFLKGKSLASGIPVQDVAFNAIESIAPKQIESPLRVLRTFVTKLFSKPTVTSDVFILAVDCIVPEKSRIKLYVADSQLSLATLREFWTLGGSVTDSATMKGLEIAEELWRILQYDDAVCSHSNMDQLPLVVNYELSSGSATPKPQLYLPLHGRNDEAMANALTKFWDYLGWKGLAAQYKKDLYANNPCRNLAETTTVQRWVAFSYTESGGAYLTVYFHAVGGMKGNL,2.5.1.-,GO:0016765;GO:0009820,1: Evidence at protein level,4LD7,A1DN10
A1DN30,NFSS_NEOFI,Sesterfisherol synthase,NfSS,Neosartorya fischeri (strain ATCC 1020 / DSM 3700 / CBS 544.65 / FGSC A1164 / JCM 1740 / NRRL 181 / WB 181),764,MEVWEHSRPIADDTIKKTPSFTTLPIRINKQNDVADAATRRALRDWDYYLHDGLAERALISISELGNLGAFAYPEVPPERLAIVTYLTDLGILHDDGYEAMDMDQARTEHREFGALFDPHEQLPSRRGTRAAKLKKLVSQILLEAIRIDRDMGMYMFDMYNKGWLSVAGGEGKVPQFKSVEEYQAYRRDDFGIRAFWPMVEFGMAMRLSDEDKKLIEPVMEPIDKAIIWTNDYWSFDREYHESITNGSRLTNVVEVVRQIENKSIDEAKAAVRQLLVNLEQQYLERKRAIYAQNPSIPSHLRKWIEVVGITVAGTHFWASCSPRHHAWRNNSRNGLKPANHVAAPTLITPSNNLNSSKGSEEQMQDSDNGTRTQMCPANDHEVMQLNAKLSLGKQDGGHAMRAALALLSRAAEQCESLFDGMEHERARLLQSGEEKARLSWEGRSKGSQELEHSWYKPAKTALQAPIHYICSMPSKGVRSRMIEAFNYWLEVDETSLTKIRRLVDLLHNASLILDDIEDHSPKRRGRPATHTIFGHSQAINSANFMFVQAVQVARQFRNPNAVDILLEELENLYLGQSWDLDWKYKLRCPSPSEYLNMVDNKTGGLFRLLLRLMQAERKGTTEVDLDGLTVLFGRFFQIRDDYMNLRSGLYTEQKGFCEDLDEGKFSYPIVVCVANHADFRDLIDGVFRQRPTAITSGMQPLAPEIKRYVVEYLNTSGTFQHCREFLMQLESLIESEIDRIEKVTNEANPMLRLLLEKLSVKEN,,GO:0016829;GO:0046872;GO:0004659;GO:0046165;GO:0043386;GO:0016114,1: Evidence at protein level,8YLA,A1DN30
B0XR80,SAKA_ASPFC,Mitogen-activated protein kinase sakA,sakA,Aspergillus fumigatus (strain CBS 144.89 / FGSC A1163 / CEA10),366,MAEFVRAQIFGTTFEITSRYTDLQPVGMGAFGLVCSARDQLTGQPVAVKKIMKPFSTPVLSKRTYRELKLLKHLRHENIISLSDIFISPLEDIYFVTELLGTDLHRLLTSRPLEKQFIQYFLYQILRGLKYVHSAGVVHRDLKPSNILINENCDLKICDFGLARIQDPQMTGYVSTRYYRAPEIMLTWQKYDVEVDIWSAGCIFAEMLEGKPLFPGKDHVNQFSIITELLGTPPDDVIQTICSENTLRFVKSLPKRERQPLANKFKNADPEAVDLLERMLVFDPKKRIRAGEALAHEYLSPYHDPTDEPEAEEKFDWSFNDADLPVDTWKIMMYSEILDFHNIDQGNDAGQVLMEGGVAQAQQNYA,2.7.11.24,GO:0005634;GO:0005524;GO:0004707;GO:0106310;GO:0051403,3: Inferred from homology,,B0XR80
B0XT09,GEL3_ASPFC,"1,3-beta-glucanosyltransferase gel3",gel3,Aspergillus fumigatus (strain CBS 144.89 / FGSC A1163 / CEA10),547,MRYSLVVGVVLLSGCAIATGSKFFYANNGSEFYIRGVAYQEDYSGGGAGGTGQSEANYVDPLADGSKCERDIPYLLQLRTNVIRTYAVNPSLNHDACMQKLSDAGIYVITDLASPDESITSNSPVWTVDQYARYTSVIDAFQKYDNVIGFFAGNEVVNQANQSAGAAFVKAAARDMKAYIKTKGYRQSLAIGYATTDNPEIRLPLSDYLNCGDQADAVDFFGYNIYEWCGDKTFQTSGYQNRTEEYKDYSIPIFFSEYGCNTEKPRKFTDVPVLFGPQMDNVWSGGIVYMYFETTNDYGLVSVSGSAVTPEPDFTYLSSEIQSATPTGVNSASYSPTNSPRACPTVDDTWLAKSSPLPPIPNAELCSCMVSSLSCVVKDSVDAEKYGELFGQVCGYGGGICDGIARNATAGSYGAYSVCTSKDQLSYVFDRYYKSQKKAASACDFAGAASVQSPKGESADCKSLVSQAGSAGTGTVTSQPTGGSGSTGGGGGGGGGGGGGGGAAASTSTSKGAAAGAASPAAVRVGGWPLVTYGLVAAMAGILMISL,2.4.1.-,GO:0005886;GO:0098552;GO:0042124;GO:0071970;GO:0031505,1: Evidence at protein level,,B0XT09
B6HLT9,AATA_PENRW,Isopenicillin-N N-acyltransferase,aatA,Penicillium rubens (strain ATCC 28089 / DSM 1075 / NRRL 1951 / Wisconsin 54-1255),357,MLHILCQGTPFEIGYEHGSAAKAVIARSIDFAVDLIRGKTKKTDEELKQVLSQLGRVIEERWPKYYEEIRGIAKGAERDVSEIVMLNTRTEFAYGLKAARDGCTTAYCQLPNGALQGQNWDFFSATKENLIRLTIRQAGLPTIKFITEAGIIGKVGFNSAGVAVNYNALHLQGLRPTGVPSHIALRIALESTSPSQAYDRIVEQGGMAASAFIMVGNGHEAFGLEFSPTSIRKQVLDANGRMVHTNHCLLQHGKNEKELDPLPDSWNRHQRMEFLLDGFDGTKQAFAQLWADEDNYPFSICRAYEEGKSRGATLFNIIYDHARREATVRLGRPTNPDEMFVMRFDEEDERSALNARL,2.3.1.164,GO:0005782;GO:0016746;GO:0042318,1: Evidence at protein level,,B6HLT9
C8V1D1,BIOF_EMENI,8-amino-7-oxononanoate synthase,bioF,Emericella nidulans (strain FGSC A4 / ATCC 38163 / CBS 112.46 / NRRL 194 / M139),412,MGDSPKCLRDSLREALRRREDKLCRRKLTILPSSSVDFSSNDFLSLSTSPAYRARFLDILQQAPPLHPFASGGSRLLDGNSAYAEELENFIAAFHNAPSGLLFNSGYDANVGVFSSIPQPGDLIVYDELIHASAHEGMRLSRAGKRIKFPHSSPDGLRAVLQAEITADPRLLQGRRNVFIAFESVYSMDGDVAPIREFVEIVDQLLPYGNGYFLVDEAHATGVFGPRGSGVVQELGLEDRMFVRVHTFGKALASHGAIVLCCADTRDYLINYARSLIYTTALGFPFLASIRAAYELLVEGKTEQLQHKLGQLIAHFRTGLDNLNHKDSSTFEVEHFTNSPIFSLRSSVPRVLASVCQEQGYTVRAIMPPTVPAGKERVRVCLHAGNTVEEVDGLLETIATWLQRMEKQKARL,2.3.1.47,GO:0005777;GO:0008710;GO:0030170;GO:0009102,2: Evidence at transcript level,,C8V1D1
D4B4J2,CRH12_ARTBC,Crh-like protein ARB_03382,,Arthroderma benhamiae (strain ATCC MYA-4681 / CBS 112371),365,MMASRRISVLSSLGLFACLLSPVVAQTFTYCNPLEKDDCPNAPALGQNYTTYLNSSLNPDVWNATSGLVEISDAGSNFTIHKALDSPTIQSFFYIFFGTVEVHMKAATGRGVVSSIVIQSEVLDEIDWEWVGSEPDKVQTNYFGKGNTTSYDRGKTFDIKGAMDDFHNYTVNWTPEKIEWYIDTVLVRTLKYEEALGGKNFPQTPSTVRLGIWPGGDPQNKKGVIEWAGGEIDYEKTPYIMSVKELKVVDAHKGKEYSYSDRSGDWQSIKVIDGVSDIANEINKPPPKSLAQRWRELPTAAKIAIFASIGGLVILGMAIIAFCCVKQRRAGRREFSMENSKFVEDQNNVMAMRTQWNHKYKPVGS,,GO:0009277;GO:0016020;GO:0016757;GO:0004553;GO:0005975;GO:0031505,3: Inferred from homology,,D4B4J2
D7PI18,GSFD_PENAE,O-methyltransferase gsfD,gsfD,Penicillium aethiopicum,378,MSTPEQWIQEFEALCSRASILFPSGIEDENIRIRALRIAEKAVHQLHTPMTFAEAQTWAPLELFGAGVACEMGIFDVLSKSSVPLSPVDIATELNTDPALVARIMRLLDAHYMVDQVTLGQYAANAITRDYVQPYRKGNVMTQVALMPSYFALPAWLRDNDYKVRPDANHCAWQVGANTTKTFWEMPRTTQEDDFVTFYPFEAVFSTSNVDDILFVDIGGGLGHQAMRVRSAFPRSRGRIIVQDLPQVTNKITTASLPDVEIMDHDMADPQPVKGARVYYLRGVLHNHADHISIKYLSQFAAAMSPESRLLIHEALATDLNPTKNITRFDLSMLASCGGAQRSEAEQKALLEKVGLEVSGVWSTPRDWSIMEARLKRE,2.1.1.-,GO:0008171;GO:0046983;GO:0140878;GO:0032259;GO:0016114,1: Evidence at protein level,,D7PI18
P28344,MASY_EMENI,"Malate synthase, glyoxysomal",acuE,Emericella nidulans (strain FGSC A4 / ATCC 38163 / CBS 112.46 / NRRL 194 / M139),539,MSQVDAQLKDVAILGSVSNEARKILTKEACAFLAILHRTFNPTRKALLQRRVDRQAEIDKGHLPDFLPETKHIRDDPSWKGAPPAPGLVDRRVEITGPTDRKMVVNALNSDVWTYMADFEDSSAPTWDNMINGQINLYDAIRRQVDFKQGQKEYKLRTDRTLPTLIARARGWHLDEKHFTVDGEPISGSLFDFGLYFFHNAKELVARGFGPYFYLPKMESHLEARLWNDVFNLAQDYIGMPRGTIRGTVLIETITAAFEMEEIIYELRDHSSGLNCGRWDYIFSFIKKFRQHPNFVLPDRSDVTMTVPFMDAYVKLLIKTCHKRGVHAMGGMAAQIPIKDNAEANDKAMEGVRADKLREVRAGHDGTWVAHPALASIASEVFNKYMPTPNQMHVRREDVNITANDLLNTNVPGKITEDGIRKNLNIGLSYMEGWLRGVGCIPINYLMEDAATAEVSRSQLWQWARHGVTTSEGKKVDKAYALRLLKEQADALAAKGPKGNKFQLAGRYFAGQVTGEDYADFLTSLLYNEISSPGTASKL,2.3.3.9,GO:0005737;GO:0009514;GO:0005782;GO:0005777;GO:0004474;GO:0045733;GO:0015976;GO:0009062;GO:0006097;GO:0006099,3: Inferred from homology,,P28344
P56862,MET3_ASPTE,Sulfate adenylyltransferase,met3,Aspergillus terreus,568,MANSPHGGVLKDLLAGDAPRHDELAAEAETLPAIVLSERQLCDLELIMNGGFSPLEGFMTQKDFDGVCENCRLADGHLFSMPITLDASQQVISDSNLKPGSRVTLRDFRDDRNLAILTIEEKEAKLVFGGDPEHPAIKYFNTKVEDFYIGGKIEAVNKLNHYDYVALRYSPAELRVHFDKLGWTRVVAFQTRNPMHRAHRELTVRAARARQANVLIHPVVGLTKPGDIDHFTRVRAYQALLPRYPNGMAVLGLLPLAMRMGGPREAIWHAIIRKNHGATHFIVGRDHAGPGKNSKGEEFYGPYDAQHAVEKYREELGIEVVEFQQVTYLPDTDEYKPKDEVPAGIKTLDISGTELRNRLRTGAHIPEWFSYPEVVKILLRESSPPRATQGFTIFLTGYMNSGKDAIARALQVTLNQQGGRSVTLLLGDTVRHELSSELGFSAEDRHTNVQRIAFVAGELTRAGAAVIAAPIAPYERSRKAAREAVSGLGGSFFLVHVNTPLEYCEKTDKRGIYAKARRGEIKGFTGVDDPYEAPENADLVVDVSKQSVRSIVHEIILMLESEGYFDRL,2.7.7.4,GO:0005737;GO:0004020;GO:0005524;GO:0004781;GO:0019344;GO:0070814;GO:0009086;GO:0010134;GO:0019379,3: Inferred from homology,,P56862
Q12555,MET3_EMENI,Sulfate adenylyltransferase,met3,Emericella nidulans (strain FGSC A4 / ATCC 38163 / CBS 112.46 / NRRL 194 / M139),574,MANTPHGGVLKDLIARDAPRHDQLEAEAATLPSIVLTERQLCDLELIMNGGFSPLEGFMNQKDYDGVVAESRLADGNLFSMPITLDASKAVIEQAGLKPGSRVTLRDFRDDRNLAILTIDDIYRPDKEKEAKLVFGGDPEHPAIKYLNTKVEEYYIGGKLEAVNKLNHYDYVGLRYTPAELRIHFDKLGWTRVVAFQTRNPMHRAHRELTVRAARARQANVLIHPVVGLTKPGDIDHFTRVRAYQALLPRYPNGMAALALLPLAMRMGGPREAVWHAIIRKNHGATHFIVGRDHAGPGKNSKGQEFYGPYDAQHAVEKYRAELGIEVVEFQQVTYLPDTDEYMPKDEVPAGTKTLDISGTELRNRLRTGAHIPEWFSYPEVVKILRESSPPRALQGFTIFLTGYMNSGKDAIARALQVTLNQQGGRSVTLLLGDTVRHELSSELGFSREDRHTNVQRIAFVAGELTRAGAAVIAAPIAPYEHSRKAAREAVQSTGGSFFLVHVNTPLEYCEATDKRGIYAKARRGEIKGFTGVDDPYEAPTNANLVVDVSKQSVRSIVHEIILMLESEGYFERL,2.7.7.4,GO:0005737;GO:0004020;GO:0005524;GO:0004781;GO:0019344;GO:0070814;GO:0009086;GO:0000103;GO:0019379,3: Inferred from homology,,Q12555
Q12657,KAPS_PENCH,Adenylyl-sulfate kinase,,Penicillium chrysogenum,211,MSTNITFHASALTRSERTELRNQRGLTIWLTGLSASGKSTLAVELEHQLVRDRRVHAYRLDGDNIRFGLNKDLGFSEADRNENIRRIAEVAKLFADSNSIAITSFISPYRKDRDTARQLHEVATPGEETGLPFVEVYVDVPVEVAEQRDPKGLYKKAREGVIKEFTGISAPYEAPANPEVHVKNYELPVQDAVKQIIDYLDTKGYLPAKKE,2.7.1.25,GO:0005829;GO:0004020;GO:0005524;GO:0019344;GO:0070814;GO:0009086;GO:0000103,1: Evidence at protein level,1D6J;1M7G;1M7H;3CR7,Q12657
Q4WAY4,FMAC_ASPFU,Polyketide transferase af380,af380,Aspergillus fumigatus (strain ATCC MYA-4609 / CBS 101355 / FGSC A1100 / Af293),292,MNREDVEFPTCDGLILRGWLYPGTIRGPAIVMNQGFNTPKEILLPDVAVWFQQQGVTVLLYDNRCIGASDGEPRNDVKPAKLVEDFHDALTFMARHPMVDEDKIILYGYSFSAMTALVAAGLDHRVGAAISVTPIANYDFREKEKNNVMALAMQDRVSTLAGNDPVYIPFVGDDGYNPAGWGNQYNMEQFRAFLGTSFFTNRTTVQSYYHVLAWQPYGAMRLIKGTPVMMVTPAEDTISSPADQRAVFDMIPEPNKEFDLVAGRGHMDVINGEGAEEVLQRQLAFMRKHLDF,2.3.1.-,GO:0016787;GO:0016740;GO:1902086;GO:0016114,1: Evidence at protein level,,Q4WAY4
Q4WJ21,KAD2_ASPFU,Adenylate kinase,adk1,Aspergillus fumigatus (strain ATCC MYA-4609 / CBS 101355 / FGSC A1100 / Af293),257,MAPITEEVVHGLKDMIEKLENRVQELEARLGGESKPKSIAEQMRIVLMGPPGAGKGTQAPRLKEKYCVCHLATGDMLRSQVAKKTELGKEAKKIMDQGGLVSDEIMVNMIKNELDTNSECKNGFILDGFPRTVAQAERLDDMLEARNQKLQHAIELQIDDALLVARITGRLVHPASGRSYHKIFNPPKNDMKDDVTGEPLIQRSDDNAETLKKRLSTYHAQTAPVVEYYKKTGIWRGIDASQEPGQVWKSLLGVFQK,2.7.4.3,GO:0005737;GO:0005829;GO:0005758;GO:0005739;GO:0004017;GO:0016208;GO:0005524;GO:0003688;GO:0006172;GO:0046033;GO:0046034;GO:0006270;GO:0036388,3: Inferred from homology,,Q4WJ21
Q4WMJ5,GLIM_ASPFU,O-methyltransferase gliM,gliM,Aspergillus fumigatus (strain ATCC MYA-4609 / CBS 101355 / FGSC A1100 / Af293),431,MAPGLLENNTLSGTAAPRTEFKAIVNDLRELQAHVQRVQSAIEAPEVQSWLNEQLHHPDQLPDKELEQLALDLVDSMDKLQLQLVPSVSLLTDGFFGYLNSKTLWTVVEAQVADRLAENGPQPVSTLGLRCGIQPERLAQLLDTLVSNGIFAYNPADDTYSNNRASLLLCHDHWTQWHLWADLYPNEFFDVSRAMPQAVRLGESRTAAQIAYGTDLDLFEYLAKEQKLAKFQKTLGAGAVAQARGLTVDYPWEEIGSEPILDIGGGSGAFLASLLRAHPHLRGSLMDIQSVIELITPEFREPHGRFSDIGSRVQQLVVGDFTKQIPPSAVYTMKWCLHDWVDDDVLTILKNVRRSIVPSSVSRFLVVESIKSPGRSGRLPRYGDLIMMITCNGKERSLEDWKRLGELAGWKLYQVHRVRRAWPCIIDFRPM,2.1.1.-,GO:0008171;GO:0046983;GO:2001310;GO:0032259;GO:0043386;GO:0052562,2: Evidence at transcript level,,Q4WMJ5
Q4WVH3,SPB1_ASPFU,AdoMet-dependent rRNA methyltransferase spb1,spb1,Aspergillus fumigatus (strain ATCC MYA-4609 / CBS 101355 / FGSC A1100 / Af293),795,MAIQKKHGKGRLDKWYRLAKEKGYRARAAFKLIQLNKKYGFLEKSKVLLDLCAAPGSWCQVAAECMPTQSIIIGVDLAPIKPIPRVITFQSDITTEKCRATIRQHLKHWKADTVLHDGAPNVGTAWVQDAFSQAELVLQSMKLATEFLVEGGTFVTKVFRSKDYNPLLWVFKQLFTSVEATKPPSSRNVSAEIFVVCRGFKAPKRIDPKFLDPKHVFAELTDSTPNNEARVFNPEKKKRKREGYEEGDYTQFKEIPVTEFINTTDPIAILGTYNKLSFEQSPGGDLALATLNRLEETTDEIRTCCEDLKILGKKEFRSLLRWRLKVREKFGLVVKKGQAKADEPEEVAEVAPMDEELAIQEELQRLQEKESAKRKKERRKENEKKRKEIIRMQMHMTTPMDIGMEQLGPGGDDATFSLKRVERDGARDVIASGKLAEIESDSEDDQTESDYDESDDEGDRLERELDSLYEQYQERREDRDSKVRAKKARKDYEAEEWDGFSDSDKEDDEESEEDGASQAVVKPAPPNSGTLSSKAAMFFDQDIFQGLGDVDDVEDEDSAIEMQEDDKSAKKGSALEKKAPKEAKKKAQAPEDFSDSDPEEPDDPRKKNGQLDIDIITAEAMALAQQMATGEKKSQDIIDDGFNRYTFRDVDGLPEWFLDDENKHSKPQRPITKAAAAAIKEKLRAINARPIKKVMEAKGRKKMKAAQRLEKLRKKSALLADDEALSERDKSQAIAKLMSKAVKKKPKQQVKLVVARGANRGISGRPRGVKGKYKIVDSRMKKDIRAQKRLAKKKK,2.1.1.-,GO:0005730;GO:0030687;GO:0016435;GO:0070039;GO:0008650;GO:0000466;GO:0000463;GO:0031167,3: Inferred from homology,,Q4WVH3
Q5AR21,AUSN_EMENI,Polyprenyl transferase ausN,ausN,Emericella nidulans (strain FGSC A4 / ATCC 38163 / CBS 112.46 / NRRL 194 / M139),330,MAVISELKRHHPKTGLLRYLPTGVVPYGELVRIHRALGYYLNTSPYVVGIAYTAATAETKLPLDLLLDRLLLLTLWSLILRSAGCAWNDLVDVDIDRQISRTQSRPLPRGAISLSAATIFTACLFVLGCSLLLFLPRECLFDAGIKVFFALLYPFGKRFTDHPQLILINIAWAIPMAMHSLGMEPSSQILSMLCMCVFFSAVIVMIDLVYSRQDTEEDLKVGVKSMAVRYRNCVETMAYSLFAISSLALLFGGVLGGLRVPFVLFSVGGHIVGFWRFLRASLQAGPAGVESRAKSSCLIASVFWVLGLGIEYAEMVKEKDNPTDKKKHPH,2.5.1.-,GO:0005743;GO:0008412;GO:1900560;GO:1900563;GO:0016114;GO:0006744,3: Inferred from homology,,Q5AR21
Q5AYI7,BIOB_EMENI,"Biotin synthase, mitochondrial",bioB,Emericella nidulans (strain FGSC A4 / ATCC 38163 / CBS 112.46 / NRRL 194 / M139),393,MSVSFTRSFPRAFIRSYGTVQSSPTAASFASRIPPALQEAVAATAPRTNWTRDEVQQIYETPLNQLTYAAAAVHRRFHDPSAIQMCTLMNIKTGGCSEDCSYCAQSSRYSTGLKATKMSPVDDVLEKARIAKANGSTRFCMGAAWRDMRGRKTSLKNVKQMVSGVREMGMEVCVTLGMIDADQAKELKDAGLTAYNHNLDTSREFYPTIITTRSYDERLKTLSHVRDAGINVCSGGILGLGEADSDRIGLIHTVSSLPSHPESFPVNALVPIKGTPLGDRKMISFDKLLRTVATARIVLPATIVRLAAGRISLTEEQQVACFMAGANAVFTGEKMLTTDCNGWDEDRAMFDRWGFYPMRSFEKETNAATPQQHVDSVAHESEKNPAAPAAEAL,2.8.1.6,GO:0005739;GO:0051537;GO:0051539;GO:0004076;GO:0046872;GO:0009102,2: Evidence at transcript level,,Q5AYI7
Q6TLK5,LAEA_EMEND,Secondary metabolism regulator laeA,laeA,Emericella nidulans,374,MFEMGPVGTRLPAMTSPAHNHYSYHSPTSSDRGRSRQNSDAMDIQSITEREPATRYAVAGGPAPWNRNGSPSMSPMYSNNSERNQFHEENGRTYHGFRRGMYFLPCDEQEQDRLDIFHKLFTVARVSESLIYAPHPTNGRFLDLGCGTGIWAIEVANKYPDAFVAGVDLAPIQPPNHPKNCEFYAPFDFEAPWAMGEDSWDLIHLQMGCGSVMGWPNLYRRIFAHLRPGAWFEQVEIDFEPRCDDRSLDGTALRHWYDCLKQATAETMRPIAHSSRDTIKDLQDAGFTEIDHQIVGLPLNPWHQDEHERKVARWYNLAVSESIENLSLAPFSRVYRWPLERIQQLAADVKSEAFNKEIHAYNILHIYQARKPLR,2.1.1.-,GO:0005634;GO:0008168;GO:0032259;GO:0030435,2: Evidence at transcript level,,Q6TLK5
Q8TFN0,NDK_EMENI,Nucleoside diphosphate kinase,swoH,Emericella nidulans (strain FGSC A4 / ATCC 38163 / CBS 112.46 / NRRL 194 / M139),153,MTSEQTFIAIKPDGVQRGLVGPIISRFENRGFKLAAMKLTSPSRSLLEQHYSDLKEKPFFPGLVTYMLSGPIVAMVWEGKDVVKTGRTILGATNPLASAPGTIRGDFAIDVGRNVCHGSDSVESAKKEIGLWFTPEEIQNYKLNAFGWIYEKE,2.7.4.6,GO:0005576;GO:0005524;GO:0046872;GO:0004550;GO:0051211;GO:0006241;GO:0006183;GO:0009142;GO:0006228,3: Inferred from homology,,Q8TFN0
Q96UP5,UBC2_EMENI,Ubiquitin-conjugating enzyme E2 2,uvsJ,Emericella nidulans (strain FGSC A4 / ATCC 38163 / CBS 112.46 / NRRL 194 / M139),151,MSTSARRRLMRDFKRMQTDPPAGVSASPVADNVMTWNAVIIGPADTPFEDGTFRLVMHFEEQYPNKPPGVKFISQMFHPNVYGTGELCLDILQNRWSPTYDVAAILTSIQSLLNDPNTSSPANVEASNLYRDNRKEYIKRVRETVEKSWEE,2.3.2.23,GO:0005737;GO:0033503;GO:0005634;GO:0005524;GO:0061631;GO:0006325;GO:0006281;GO:0043161;GO:0000209;GO:0030435,3: Inferred from homology,,Q96UP5
Q9HGZ1,PFKA1_ASPOR,ATP-dependent 6-phosphofructokinase 1,pfkA,Aspergillus oryzae (strain ATCC 42149 / RIB 40),785,MATTHAPAEPPKRRRIGVLTSGGDAPGMNGAVRAVVRMAIYSGCEAYAVYEGYEGLVHGGDMIRQVHWEDVRGWLSRGGTLIGSARSMAFRERAGRLKAAKNMIVRGIDALVVCGGDGSLTGADLFRSEWPGLLEELVKTGELTEEQIVPYKVLNIVGLVGSIDNDMSGTDATIGCYSSLTRICDAVDDVFDTAYSHQRGFVIEVMGRHCGWLALMSAISTGADWLFIPEMPPREGWEDDMCDIITKNRQERGKRRTIVIVAEGAHDRQLNKITSSKIKDILTNRLDLDTRVTVLGHTQRGGAACAYDRTLSTLQGVEAVRAVLDMTPESPSPVITVRENKLLRTPLMDAVKATKEVADLIHERKFDEAMHLRDSEFKEYHFAYKNTATPDHPKLILPENKRMRIAIIHVGAPAGGMNQATRAAVAYCQTRGHTALAVHNGFPGLCRHHADTPVSSVREVSWEEQDTWVNEGGSDIGTNRSLPSEDFETTAKCFEKFKFDGLFVVGGFEAFTAVSQLRQAREKYPAFKIPMVVLPATISNNVPGTEYSLGSDTCLNTLIDFCDAIRQSASSSRRRVFVVETQGGKSGYVATTAGLAVGASAVYIPEEGIDIKMLARDIDFLRNNFAHDKGANRAGKIILRNETASSTYTTQVIADMIKEEAKGRFESRAAVPGHFQQGGKPSPMDRIRALRMAIRCMQHIETFSGKSADEIAADELSATVIGVKGSQVLFSQMGGPNGLEATETDWARRRPKDEFWLDLQSTVNILSGRASFGEGKTGWSCYENC,2.7.1.11,GO:0005945;GO:0005739;GO:0003872;GO:0016208;GO:0005524;GO:0070095;GO:0042802;GO:0046872;GO:0048029;GO:0061621;GO:0030388;GO:0006002,2: Evidence at transcript level,,Q9HGZ1
W6QAE7,PRDS_PENRF,Conidiogenone synthase,PrDS,Penicillium roqueforti (strain FM164),742,MGETIADVYAESIDPEIYANNPAYSSLFTPYIHKQTIIADHVSVQCHIDLNGIDAVGSKFGNLNAHAGNFTSLCAPNCLPERLALVAYTVEYAFLHDDETDNAADQEALLLENKMLHQAINQSSMTSVSNRVSAKAQRKSEVQAKIAAEYLRLDPVFGEFFLKAWQTFTASVQDVRSLEFPSLDDYLEFRIVDAAADWTLYNFRWGSGITLTPEEEKIADPMSYVAYAELCLVNDLFSWDKEYDAHVKSNGEVPLVNAVHIVAVTQGLTHCAAKAVVQAEIRAHEERFCYLKEQYKATASPSDSILSWLKLLEHSMAGNWVWSLCVPRYFKVERNPYKDHLEKFGSEAVRVLTPEEHLRDSKQEINGTKEIELQEPKSNNTAESDVLAKYTSGYPTIDEPVLNPYTYINSLPSKNVRQTMIAALNSWYKVPVKSLLIIEGAVNFLHNSSLLLDDIQDGSVLRRGRPVAHQIFGVGQTINTATYLMNEALYLVQMLSPSAVLVYTDEMRNLQLGQGRDLHWSYHTHVPTPAQYISMVDGKTGGLFRLISRLMRSEATVNRDLDISQFATLLGRHFQIRDDYQNLQSDDYTKNKGFCDDLDEGKLSFPIILSMQSPGFSNTALSSVFKGSQKGETLSPEMKQYILEEITARGAFSQTKAVLRKLHIELLRLLMETEQKAGGIENWALRLLIMKLDLGDEKKKEAHKSDSAWKVNQRRAWKGSQKNGRPIDKACFLRAMEEASQK,,GO:0046872;GO:0004659;GO:0010333;GO:0140879,1: Evidence at protein level,,W6QAE7
A0A017SPL2,ECPT2_ASPRC,Echinulin prenyltransferase 2,echPT2,Aspergillus ruber (strain CBS 135680),408,MQPYHTLSRVLPFPDANQKAWWDKLGPMLLKAMQSQGYDTEAQYAQLGMVYKCVLPYLGEFPTVENDATRWKSFLCPYGIPIEPSLNISQGILRYAFEPIGPDVGTEKDPQNMNIIQDCLKGLTQHDDRIDTTLHAEFSSRLLLTEEESRQFATTGQFNFGPGQGMHGFAVDLKGSRPMFKGYFCAGIKSVVTGIPTGKLMLDAVREVDTEGRITQPLDKLEEYSANGIGKLMLCFMSVDMVNPHDARIKMYGLQQEVSREGIVDLWTLGGRVNTPTNQEGLELLLELWDLLQIPAGPRSVAISHCSVGQPPEYMLPTLVNWTLLPGHSDPMPQVYLVPFGLPDSHISDCLVTFFERRGWTDLARDYKKNLASYFPDIDFTQSRHVQEAISFSFRKGKPYLSIYMSLF,2.5.1.-,GO:0004659;GO:0009820,1: Evidence at protein level,,A0A017SPL2
A0A0P0ZD79,EVVS_EMEVA,Variediene synthase,EvVS,Emericella variicolor,705,MSQSSDFILNSTLSSVVERSTPDIAGFCSGYELRRHHHEHLANEGSLRCRTDWEQFIGPIERWGSCNPWEGHFGAVVLPFCKPERLAVICYIFEYAFLYDNVVESAAKSTLNLNTDNIALDETEYRTVRSILGTKQIQSKMLLELLSIDAPRAEVVINSWKEMISTTAKKDKTRAFNNLEEYVDYRIIDTGAPFVDMLMRFGMGIMLTQEEQKRIEPIVKPCYAALGLANDYFSFDIEWEEFQAESDKTTMTNAVWLFMQWENLNAEQAKRRVQEVTKQYEQQYLRNIADFAAGEGKENIKLQTYLKAQGYQVPGNVAWSLRCPRYHPWLCKEAASLLHQDTIQELEAGRKPQALEEYRSRSHSESDLSDASPTFWSGSCRSSARSSVSSAFGPPDKDISITPAILGDEHLLGPAEYISSLPSKGVREAFIDGLNVWLVLPDHRVNQLKSIAQTLHNASLMLDDIEDHSPLRRGRPSTHMIFGTEQTINSANFLLIDVMEKVRQLDDPRCMDIYLEEMRNLFIGQSFDLYWTRNGECPSEEQYLDMIRQKTGGLFRLLTRMMVQIAPVQQKGLETQLASLSDVLGEFFQVRDDYKNLTEEYTGQKGFCEDLDECKFSYPLIHALTSQPKNVQLRGILQQSRSAGGLDVPLKETVLSHLRQAGSIEYTEAKMGELMEKITDSVVSLEGETGSPNWVVRLLIHRLKV,,GO:0016829;GO:0046872;GO:0004659;GO:0046165;GO:0043386;GO:0016114,1: Evidence at protein level,,A0A0P0ZD79
A0A1U8QQU5,GCSA_EMENI,Ceramide glucosyltransferase,gcsA,Emericella nidulans (strain FGSC A4 / ATCC 38163 / CBS 112.46 / NRRL 194 / M139),618,MFVLSTARCTETRANKPTNHRRAEPDLTTSPRLLSSLLFSSLLSPLSTPRTRPSYNANAPSPSRTPMITLQSITDAVGLGSARYGGFQWSVALGWIGLVWYSTVTTVCALGYYKLWKHCLRRPQSSYCATAQNAPHVTVIRPVKGLEPHLYDCLASSFRQEYPRGKLTVCLCVSSRSDPAYATLEKLVADFPHVDARIYVEEEDPLLQPDHKPMYNLGPNPKIRNMSRAYREAKGDIVWIADCNVWVGKGVCGRMVDKLCGLGSGSSTEYKFVHHLPVAVDVTGVIGVDERRALETSGAARVKDGKSACAPGVLAMGGGRLEELFLSSSHAKMYTAINTVLIAPCIVGKSNMFRRSHLDYLTTTASCQFNPGIDYFSDNICEDHLIGDLLWKNRVREEKEDGKHLGKHALVFGDLAFQPIANMSVQSYIARRVRWLRVRKFIVMLATLVEPGTESILCSLYGAWGVTTVLAEYFQNKILSTWTTFFTFFGFSILTWCLIDWTVYIMLHSGKTVERDENTPSFARPPQGTTRRRFSHWLAAWLGREILAFPIWFWAIWGGMTVTWRDRQFRIGLDTKAHEIGGNSRAGLLEEQASGRENENEATSLITTAVKRQTRGNR,2.4.1.80,GO:0000139;GO:0016020;GO:0008120;GO:0006679,3: Inferred from homology,,A0A1U8QQU5
A0A1V1FVQ6,OBLA_EMEVA,Ophiobolin F synthase oblA,oblA,Emericella variicolor,728,MEYKYSTIVDKSKWDPEGLTEGIPLRRHEAGDLEEVGSFRVQEDWRRLVGPLENPYRGSLGPEISFITYTVPECLPERLEAISYSLDYGFMHDDEIDLNIASAELSDVGGALKQGGATGKIDEGKSSSGKRKMAAQLLREMMALDPERAMALAKSWAQGVQHSARRVEEKDWKSLDEYIPFRCMDLGYMHWHGLVTFGCAITVPEEEEEERRRLLEPAVIACMMTNDLFSYEKEKNDNNPQNAVTVIMKINKCGEEEAKEVCKKRIRVECAKYAQIVKETLARTDISLDLKKYIEIMQYTVSGNWAWSTQCPRYHFPGRWNELQKLRAEHGIAKYPARYSLKERTNGVNGVNGVNGINGTNGINGTNGVNGKRNRDEDGDENDARINGNGFKKPALTSQGKDSFVLDDVVALSLNLHLPDLGDGVVLQPYRYLTSLPSKGFRDMAIDALNTWLRVPSTSTSTIKDLIKKLHSASLMLDDIEDNSPLRRAKPSTHIIYGNAQTINSATYQYTEATSLAANLSNPLSLRIFLDEIQQLYIGQSYDLYWTHNALCPSITEYLRMVDQKTGGLFRMLTRLMVAESPGSNKILDRALFPLSHLIGRFFQIRDDYQNLSSAEYSRQKGFVEDLDEGKYSFTLIHCIQTVEANEALASEMMALRAFLIKRRVDGGLSNEAKMEVLGIMKKTKSLEYTLGVLRALQEELEREVGRLEGKFGEENLPLRLMVDMLKV,,GO:0044687;GO:0004311;GO:0016829;GO:0046872;GO:0046165;GO:0043386;GO:0016114,1: Evidence at protein level,,A0A1V1FVQ6
A0A348DU52,PCCS_PENCH,Cyclopiane-type diterpene synthase,PcCS,Penicillium chrysogenum,770,MADKITDEYAVGIDPEIYANNPAYSSLFNPYIHKQTIIADHVSVQCHIDLNGIDAVGSKFGNLNAHAGNFTSLCAPNCLPERFALVAYTVEYAFLHDDETDNAADQEALLLENKMLHQALNQSGMTSVSTRVSDKAQRKSEVQAKIAAEYLRLDPVFGEWFLNKWQTFTACVKDVRSLEFPSLDDYLEFRIVDAAADWTLYNFRWGSGITLTPEEEKLADPMSYVAYAELCLVNDLFSWDKEYASHIKSNGDVPLVNAVHIVAVTQGLTHCAAKAVVQAEVRAHEERFCQLKEQYEATDKPSHEVLRWLRLLEHSMAGNWVWSLCVPRYCKVDRNPYKDHLEKYGSDAVRVLTPLDRLCWSKQEIKEMKRNQLKEPSSSTYKTHFSPLEPNPGPEQTRLTISQTQQQRPVLNPYTYINSLPSKNVRQTLIAALNSWYKVPVKSLLIIEGAVNFLHNSSLLLDDIQDGSVLRRGRPVAHQIFGVGQTINTATYLMNEALYLIQMLSPSAVSAYTDEMRNLQLGQGRDLYWSYHTHVPTPAQYISMVDGKTGGLFRLISRLMRSEATKNSDLDISQFATLLGRHFQIRDDYQNLQSEDVTNPHIVSLYAPRANMLLQYTKNKGFCDDLDEGKVSFPVILSMQSPGFSNTALSSVFKGSRKGETLSLEMKQYMLEEITARGAFSETKAVLRKLHTELLSLLMETEKKAGGVENWALRLLIMKLDIVEEKKVAPPKSDSHWGVNQRRAWKGGQKNGRPIDKACFLRAMEEALQK,,GO:0016829;GO:0046872;GO:0004659;GO:0046165;GO:0043386;GO:0016114,1: Evidence at protein level,,A0A348DU52
A0A364LXP7,RT109_ASPFL,Histone acetyltransferase rtt109,rtt109,Aspergillus flavus,564,MSKVDVDLGDLLAKVLPTGVKVTIRHISSAPTPCTALFTPPPGEESESTFCENHFLTVSVNADEHDGPEIIVFGIEVLVYSTAHLTTVFVSKADSTGFLHLLKNAPKVSLIRRISNGFLSFLVQTHQRPGVRLVVSLFARAQNQYLFPGSIENSGKHVLDDRGLIKWWCRVVDPILREYEPESGSHEKGLLDRAMESAKSSATAFLIVPGCDKFETRGFFPGTAKSDDKERPRWLNSYPLHQLCDNTDAPPRCLVPRFPDDPKTRFLLDLDDELPQKLEAAGSKEGAGQWRSVKSLDQFWEMMSFRQECSAGRLVGFLWLVINPPGLVNSVQMTSSRPVFKEKAEGSLTTTVPVYDKVDSKPTGTAVSVSTDSQSSDTAKDSTAEATSGGPVQDPSTQTGSLSSETHPKVQPNTDQNAFYWPEAGRGHAVMSEEDYKTAINFLLEQDFYNEKVSIASTKAWSEKVASIVDQLWVGQQVTGRNTSGESADKHAPTTNIINTGLVRKRKKDEPSQATTATSAQKEGCEGNGTVSTAVTAEASTTGTNESPGVNVLQANLIRKKKKA,2.3.1.48,GO:0005634;GO:0005773;GO:0032931;GO:0006974;GO:0006355,1: Evidence at protein level,,A0A364LXP7
A0A482NB13,ICCD_TALVA,S-adenosyl-L-methionine-dependent Diels-Alderase iccD,iccD,Talaromyces variabilis,292,MASSEVFTSEEAAQRAIKTYYESQESRMGYELVFGGTQHFGYYTPGTWSPFPIDKSLRRMEEKLMGWLALPAGSRILEAGCGVGHVALYLAKHGMRVTGVDIIDHHVEQARRSAQKANLPKDQIVIEKMDFERLEAIPSASHDGAFTMQSLGHAFSAEKALAGFFRVLKPGGRFALVEVERRPNAEADKKNPRLTEQLSMINVGTGMPTNERSHDGFYKGLLEEAGFVDIESRDISDNILPVVRMFYVVLLVPYLFVRLLGIEKHFVSMLAGTAGYVGYDRWRFMVVTGRKP,2.1.-.-,GO:0005783;GO:0016020;GO:0009975;GO:0016218;GO:0003838;GO:0006696;GO:0140781,1: Evidence at protein level,,A0A482NB13
A2QPN9,KAD2_ASPNC,Adenylate kinase,adk1,Aspergillus niger (strain ATCC MYA-4892 / CBS 513.88 / FGSC A1513),258,MAPITDEVVNGLKDTIGKLEARVEELEGRLSNQVKPKSVAEQMRIILMGPPGAGKGTQAPRLKEKYCVCHLATGDMLRSQVAKKTALGKEAKKIMDQGGLVSDEIMVNMIQSELDNNAECKNGFILDGFPRTVAQAERLDDMLNARQQKLQHAVELQIDDALLVARITGRLVHPASGRSYHKIFNPPKEEMKDDVTGEPLIQRSDDNADTLKKRLGTYHAQTAPVVEYYKKTGIWRGIDASQEPGQVWKSLLGVFRQN,2.7.4.3,GO:0005829;GO:0005758;GO:0004017;GO:0016208;GO:0005524;GO:0003688;GO:0006172;GO:0046033;GO:0046034;GO:0006270;GO:0036388,3: Inferred from homology,,A2QPN9
A2QRA0,CHSG_ASPNC,Chitin synthase G,chsG,Aspergillus niger (strain ATCC MYA-4892 / CBS 513.88 / FGSC A1513),749,MAEELVPEVLVAWPTRDYIRRPITGVFEFSQSSWPFSSRCVGELVGIFLPVMIAILPLPPQITQYFPHQLVSVLQWFAFWAFSALLIIPWLFCVNRFVIHSLGRTKRVKEALDDRTAPKTVIVMPVYKEDPVVLIKAIDSVVNSDYPSYCIHVFLSYDGCNIDEPYLQVINHLGIPISLESYPQSIDVTYQGARITVSRFKHGGKRHCQKQTFRLIDKVYADYLKHHDDLFLLFIDSDCILDKLCLQNFMYDMELKPGSQHNMLAMTGIITSTTERNSLITVLQDMEYIHGQLVERTVESGCGAVTCLPGALTILRFSAFRKMARYYFADKAEQCEDLFDYGKCHLGEDRWLTHLFMIGAIERYQIQMCTSAFCKTEAVQTFCSLLKQRRRWFLGYITNEVCMLTDVRLWKRYPLLCLVRFMQNTIRTTALLFFILAISIITTSSKIKNLPVGFIAVSLGLNYILMVYFGIRLKRFKAWLYPLMFILNPFFNWLYIVYGIFTAGQRTWGGPRADAAKADEHTTPEEAVEKARVQGDELNVQVDTFRTKTEEKGVPIRPSSKVNGRLSFAPQLPDRYYDYQGALGTSLAKYLTPLPDVPRIGLHPHCSSDSVATSDSGGNSISLPQHVETLMSAEERAKLYIGSQAQESTGLLHTQEADGGERGLDVQSNEDLEDNRAYEMHTIESGSGIPSGKAPVLSSSVPQSGMQQSRAVPGNMSQPHEHLPQPKYTKRPSRIPRQKRRYMQPEQMV,2.4.1.16,GO:0030428;GO:0005886;GO:0004100;GO:0006031,3: Inferred from homology,,A2QRA0
B0XVI5,GEL4_ASPFC,"1,3-beta-glucanosyltransferase gel4",gel4,Aspergillus fumigatus (strain CBS 144.89 / FGSC A1163 / CEA10),548,MKFVYAAAGASLVGSALATLPVIEAKVLKACCWTIALDANSYGNKFFYSNNGTEFFIRGVAYQQEYQANGTSTENSDYTDPLANVDNCKRDIPYLKQLRTNVIRTYAVDPTKDHDECMKLLDDAGIYLITDLSAPSESINRADPAWNTDLYKRYTSVIDAFAKYSNVIGFFAGNEVANDNNNTNSIAYVKAAVRDMKSYIKSKDYRSSLLVGYATDDDAHIRADLADYLVCGDKESSIDMFGYNIYEWCGDSSFEKSGYKDRTEEFSKYPVPAFFSEYGCIDPKPRKFTDVAALYGPQMNDVWSGGIVYMYFQEANDYGLVSVSGDNVKTKEDFSYLSVQMQKVTATGVNSASYTASNTAVPTCPSVGAKWEASNKLPPSPNSELCDCMVETLSCTVKDSVDEKEYGDLFDYLCAAGVCGGINSNSTSGDYGAYSVCSAKQKLSFVMNQYYKKNNKAATACDFDGKAQTKKGADASGSCASLISQAGTAGTGSVTAGATGSSGSGSASETSKGAAGVAASPMAVKVGNWQFGAYIATALFAGVGMLVL,2.4.1.-,GO:0005886;GO:0098552;GO:0042124;GO:0071970;GO:0031505,1: Evidence at protein level,,B0XVI5
B6D5I7,FGAMT_ASPFM,4-dimethylallyltryptophan N-methyltransferase,fgaMT,Aspergillus fumigatus,339,MTISAPPIIDIRQAGLESSIPDQVVEGLTKEVKTLPALLFYSTKGIQHWNRHSHAADFYPRHEELCILKAEASKMAASIAQDSLVIDMGSASMDKVILLLEALEEQKKSITYCALDLSYSELASNFQAIPVDRFHYVRFAALHGTFDDGLHWLQNAPDIRNRPRCILLFGLTIGNFSRDNAASFLRNIAQSALSTSPTQSSIIVSLDSCKLPTKILRAYTADGVVPFALASLSYANSLFHPKGDRKIFNEEDWYFHSEWNHALGRHEASLITQSKDIQLGAPLETVIVRRDEKIRFGCSYKYDKAERDQLFHSAGLEDAAVWTAPDCDVAFYQLRLRLN,2.1.1.261,GO:0008168;GO:0042803;GO:0035837;GO:0032259,1: Evidence at protein level,,B6D5I7
B6H9U8,LAEA_PENRW,Secondary metabolism regulator laeA,laeA,Penicillium rubens (strain ATCC 28089 / DSM 1075 / NRRL 1951 / Wisconsin 54-1255),427,MSYRESSGSFPAPDRTSLPKMFTNGDSRLRHLPPISSPPPPKRYKSESTPGSDAGHSRYYSHSVASDRTRSRQPSSAMDLYTLIDRDPVDKDPRRNARFTSNGSVATQASHASNASQISRSSPIIISDRKIPEKYPNHKENGRMYHGYRKGIYPLPCDEEEQDRLDIFHKLFTVARAEDGLIYAPHPPGSRILDLGCGTGIWSIEVANKFPGSFVVGVDLAPIQPTNTPKNCDFYAPFDFEAPWTMGEDSWDIIHMQMGCGSVASWPSLYRRVFQHLKPGGWFEQVEIDFRPRVEDKDGEPGRAMANWYSTLKHATEATMRPLAHSSNETIRNLQEAGFTEIDHQIVGLPMNPWHPDSHEQKVARWYNLAISESVQPMCLAPFSRVLSWTREQIDRIAFDVKQEAFDKRIKTYNLLHIYQARKPVEE,2.1.1.-,GO:0005634;GO:0008168;GO:0032259;GO:0030435,1: Evidence at protein level,,B6H9U8
B6HFX8,PCHDS_PENRW,Conidiogenone synthase,PchDS,Penicillium rubens (strain ATCC 28089 / DSM 1075 / NRRL 1951 / Wisconsin 54-1255),732,MADKITDEYAVGIDPEIYANNPAYSSLFNPYIHKQTIIADHVSVQCHIDLNGIDAVGSKFGNLNAHAGNFTSLCAPNCLPERFALVAYTVEYAFLHDALNQSGMTSVSTRVSDKAQRKSEVQAKIAAEYLRLDPVFGEWFLNKWQTFTACVKDVRSLEFPSLDDYLEFRIVDAAADWTLYNFRWGSGITLTPEEEKIADPMSYVAYAELCLVNDLFSWDKEYASHIKSNGDVPLVNAVHIVAVTQGLTHCAAKAVVQAEVRAHEERFCQLKEQYEATDKPSHEVLRWLRLLEHSMAGNWVWSLCVPRYCKVDRNPYKDHLEKYGSDAVRVLTPLDRLCWPKQEIKDMKQSELKDPSSSTYKSHFSPLEPNPGPEQMRLTISQTQQQRPVLNPYTYINSLPSKNVRQTLIAALNSWYKVPVKSLLIIEGAVNFLHNSSLLLDDIQDGSFLRRGRPVAHQIFGVGQTINTATYLMNEALYLIQMLSPSAVSVYTEIDEMRNLQLGQGRDLYWSYHTHVPTPAQYISMVDGKTGGLFRLISRLMRSEATKNSDLDISQFATLLGRHFQIRDDYQNLQSEDYTKNKGFCDDLDEGKLSFPIILSMQSPGFSNTALSSVFKGSQKGQTLSLEMKQYMLEEITARGAFSETKAVLRKLHTELLRLLIETEKKAGGVENWALRLLIMKLDIAEEKKVAPPKSDSHWGVNQRRAWKGCQKNGRPIDKACFLRAMEETLQK,,GO:0046872;GO:0004659;GO:0010333;GO:0140879,1: Evidence at protein level,,B6HFX8
D7PI16,GSFB_PENAE,O-methyltransferase gsfB,gsfB,Penicillium aethiopicum,419,MASNTSRSAHLAQIITENTANIETYRREQGLPPLSLGPDAPLDVKYPPNVEKCRRAVIDATLELGELATGPVELRLVPGWAIMTMFGVTQFICDFDIARQIPLAGDISYEDLSKAINVAVPVLRQVLRAGMPYHMFYESRPGHVAHTATTKVMASESLISDWTSLYTDVLFPASAGLSKALREEPTASDPSKTGFMVTKGDGESGMYMYFEKHPEEARRFAGVMEAFQKDEAYAVRHLTDSWPSDSQTGKLVDLGGSTGAVAFALAEKFPGLEIVVQDLPGALEAAHVREGKNVSFMPHDFFNEQPVKDADVYMFRWILHNWPDGHVQRILRALVPSLKPGAKVIVFDEIMPPAGTLPLSIERYQRNIDFGMLTLFNSKIRDIVEWKEIITQSDQRFNVTGVRYPENSRLSLIEIVWQP,2.1.1.-,GO:0008171;GO:0140878;GO:0032259;GO:0016114,1: Evidence at protein level,,D7PI16
P80581,HXK_EMENI,Hexokinase,hxkA,Emericella nidulans (strain FGSC A4 / ATCC 38163 / CBS 112.46 / NRRL 194 / M139),490,MVGVGPKRPPSRKGSMSDVPQNLLEHIKHFEEIFTVDTATLKKIVDHFVNELTKGLSVEGGNIPMNVTWVLGFPDGKETGTFLALDMGGTNLRVCEITLTEEKGGFDIIQSKYRMPEELKTGEAEELWQYIVDCVEQFIQFHHENENLSKLPLGFTFSYPATQDYIDHGVLQRWTKGFDIDGVEGKDVVPPLEKVFKERGLPIKVAALINDTTGTLIASSYTDPAMKIGCIFGTGVNAAYMENAGSIPKLAHMNLPPDMPVAINCEYGAFDNEHIVLPLTKYDHIIDRDSPRPGQQAFEKMTAGLYLGEIFRLALVDILDTQPGLIFKDQDTSQLRIPYLLDSSFPAAIEEDPYENLIETAELVQNMLKIKATRSELELMRRLAELIGTRAARLSACGVAAICKKKNIESCHVGADGSVFTKYPHFKARGAQALREILDWAPSEKDKVTIHAAEDGSGVGAALIAALTLKRVKAGNTAGIRDAQAMLAMC,2.7.1.1,GO:0005829;GO:0005739;GO:0005524;GO:0005536;GO:0008865;GO:0004340;GO:0019158;GO:0051156;GO:0006006;GO:0006096;GO:0001678;GO:0006013,1: Evidence at protein level,,P80581
Q00075,TPS1A_ASPNG,"Alpha,alpha-trehalose-phosphate synthase [UDP-forming] 1",tpsA,Aspergillus niger,517,MPSLENPTFQNEARLLLVSNRLPITIKRSDDGRYDFSMSSGGLVSGLSGLSKSTTFQWYGWPGLEVPEEEIPVVKERLKQEYNAVPVFIDDELADRHYNGFSNSILWPLFHYHPGEITFDESAWEAYKEANRLFAKAVAKEVQDGDLIWVHDYHLMLLPEMLREEIGDSKENVKIGFFLHTPFPSSEIYRILPVRNELLLGVLHCDLIGFHTYDYTRHFLSACSRLLGLTTTPNGIEFQGKIIACGAFPIGIDPEKFEEGLKKEKVQKRIAMLEQKFQGVKLMVGVDRLDYIKGVPQKLHALEVFLSDHPEWVGKVVLVQVAVPSRQDVEEYQNLRAVVNELVGRINGKFGTVEFMPIHFLHKSVNFDELIALYAVSDACIVSSTRDGMNLVAYEYIATQKKRHGVLVLSEFAGAAQSLNGSIIINPWNTEELAGAYQEAVTMSDEQRALNFSKLDKYVNKYTSAFWGQSFVTELTRISEHSAEKFHAKKASFSDNNSENGEPSNGVETPAQEQVAQ,2.4.1.15,GO:0005946;GO:0005829;GO:0003825;GO:0102986;GO:0004805;GO:0034605;GO:0005992,1: Evidence at protein level,,Q00075
Q0C8M0,LOVD_ASPTN,Monacolin J acid methylbutanoyltransferase,,Aspergillus terreus (strain NIH 2624 / FGSC A1156),413,MGSIIDAAAAADPVVLMETAFRKAVKSRQIPGAVIMARDCSGNLNYTRCFGARTVRRDECNQLPPLQVDTPCRLASATKLLTTIMALQCMERGLVDLDETVDRLLPDLSAMPVLEGFDDAGNARLRERRGKITLRHLLTHTSGLSYVFLHPLLREYMAQGHLQSAEKFGIQSRLAPPAVNDPGAEWIYGANLDWAGKLVERATGLDLEQYLQENICAPLGITDMTFKLQQRPDMLARRADQTHRNSADGRLRYDDSVYFRADGEECFGGQGVFSGPGSYMKVLHSLLKRDGLLLQPQTVDMMFQPALEPRLEEQMNQHMDASPHINYGGPMPMVLRRSFGLGGIIALEDLDGEDWRRKGSLTFGGGPNIVWQIDPKAGLCTLAFFQLEPWNDPVCRDLTRTFEHAIYAQYQQG,2.3.1.238,GO:0016746;GO:0016787;GO:0140735,1: Evidence at protein level,,Q0C8M0
Q0C8M1,LOVC_ASPTN,"Lovastatin nonaketide synthase, enoyl reductase component lovC",lovC,Aspergillus terreus (strain NIH 2624 / FGSC A1156),363,MGDQPFIPPPQQTALTVNDHDEVTVWNAAPCPILPRDQVYVRVEAVAINPSDTKMRGQFATPWAFLGTDYAGTVVAVGSDVTHIQVGDRVYGAQNEMCPRTPDQGAFSQYTVTRGRVWAKIPKGLSFEQAAALPAGISTAGLAMKLLGLPLPSPSADQPPAHSKPVYVLVYGGSTATATVTMQMLRLSGYIPIATCSPHNFDLAKSRGAEEVFDYRAPNLAQTIRTYTKNNLRYSLDCITNVESTTFCFAAIGRAGGHYVSLNPFPEHAATRKMVTTDWTLGPTIFGEGSTWPAPYGRPGSEEERQFGEDLWRIAGQLVEDGRLAHHPLRVVQGGFDQIKQGMELVRKGELSGEKLVVRLEGP,2.3.1.161,GO:0050637;GO:0000166;GO:0016651;GO:0140735,1: Evidence at protein level,,Q0C8M1
Q0CQK1,SSN3_ASPTN,Serine/threonine-protein kinase ssn3,ssn3,Aspergillus terreus (strain NIH 2624 / FGSC A1156),435,MYGRNFPFFNSLGGFYPRGNGFPLDAPSLDPRKPSGTGYTSKVRVRDKYRIVGFISSGTYGRVYKAIGKNGEKREFAIKKFKPDKEGEIIQYTGLSQSAIREMSLCSELDHPNVVQLEEIILEDKCIFMVFEYTEHDLLQIIHHHTQPQRHAIPAPMVRSILFQLLNGLLYLHTNWVLHRDLKPANILVTSSGAIRVGDLGLARLFYKPLNSLFSGDKVVVTIWYRAPELLMGSRHYTPAVDLWAVGCIFAELLSLRPIFKGEEAKMDSKKTVPFQRNQMMKIIEIMGLPTKEIWPGITSMPEFSQLQSLAMSRAPHFNRSSNLENWYQSCLKNGGYSANSSAGTPGADGFDLLSRLLEYDPTKRITAREALEHPYFKNGGPISANCFEGFEGKYPHRRVTQDDNDIRSGSLPGTKRSGLPDDSLMGRASKRIKE,2.7.11.22;2.7.11.23,GO:1990508;GO:0016592;GO:0005524;GO:0004693;GO:0046872;GO:0106310;GO:0008353;GO:0060258;GO:0000122;GO:0070481;GO:0045944;GO:0031648,3: Inferred from homology,,Q0CQK1
Q1EAF9,MET3_COCIM,Sulfate adenylyltransferase,MET3,Coccidioides immitis (strain RS),573,MANPPHGGILKDLLARDAPRHAELEAEAETLPALLLTERHLCDLELILNGGFSPLEGFMNEKDYNGVVENVRLADGNLFSIPITLDASKETIDGLGLQPGSRVTLRDFRDDRNLAILTIDDIYQPDKQKEAKEVFGGDPEHPAVKYLYDQTNEYYIGGKVEAVNKLNHYDYVGLRFTPAELRLHFDKLGWTRVVAFQTRNPMHRAHRELTVRAARARQANVLIHPVVGLTKPGDIDHFTRVRVYEALLPRYPNGMAVLGLLPLAMRMGGPREAIWHAIIRKNHGATHFIVGRDHAGPGKNSKGEEFYGPYDAQHAVEKYRHELGIEVVEFQQLTYLPDTDEYKPRDEIPAGVKTLDISGTELRKRLRLGTHIPEWFSYPEVVKVLRESNPPRSKQGFTVFLTGYQNSGKAAIARALQVTLNQQGGRSVSLLLGDTVRHELSAELGFSREDRHKNIQRIAFVAAELTKAGAAVIAAPIAPYEESRQQARETISSAGTFFLVHVATSLEYAEKTDKRGVYARARRGEIKGFTGVDDPYETPQKPDITVDIEKQTVRSAVHEIILLLESQGFLEKA,2.7.7.4,GO:0005737;GO:0004020;GO:0005524;GO:0004781;GO:0019344;GO:0070814;GO:0009086;GO:0010134;GO:0019379,3: Inferred from homology,,Q1EAF9
Q38HL5,HOG1_ASPGL,Mitogen-activated protein kinase hog1,hog1,Aspergillus glaucus,366,MAEFVRATIFGTTFEITSRYTELQPVGMGAFGLVCAARDQLTGAPVAVKKIMKPFSTPVLSKRTYRELKLLKHLGHENIICLSDIFISPLEDIYSVTELLGTDLHRLLTSRPLEKQFIQYFLYQILRGLKYVHSAGVVHRDLKPSNILINENCDLKICGFGLARVQDPQMTGYVSTRYYRAPEIMLTWQKYDVEVDIWSAGCIFAEMLDGKPLFPGKDHVNQFSIITELLGTPPDDVIETICSENTLRFVKSLPKRERQPLTSRFKNADPEAVDLLERMLVFDPKKRIRAGEALAHEYLAPYHDPTDEPEAQEKFDWSFNDADLPVDTWRIMMYSEILDFHNIDQSEDAGQVLVEGVGDGQQAFAA,2.7.11.24,GO:0005737;GO:0005634;GO:0005524;GO:0004707;GO:0106310;GO:0051403,3: Inferred from homology,,Q38HL5
Q4W9V1,ERG6_ASPFU,Sterol 24-C-methyltransferase erg6,erg6,Aspergillus fumigatus (strain ATCC MYA-4609 / CBS 101355 / FGSC A1100 / Af293),377,MAPVALEQENHLRDAEFNRAMHGKSAQFRGGFAALRGKDSAAQKAAVDEYFKHWDNKPAEDETEETRAARRAEYATLTRHYYNLATDLYEYGWGTSFHFCRFAQGEPFYQAIARHEHYLAHQMGIKEGMKVLDVGCGVGGPAREIVKFTDANVVGLNNNDYQIERATRYAEREGLSHKLSFVKGDFMQMKFPDNSFDAVYAIEATVHAPDLEGVYKEIFRVLKPGGVFGVYEWLMTDAYDNDNPEHRRIRLGIELGDGISNMVKVSEGLTAFKNAGFELLHNEDLADRPDAIPWYYPLAGSFKHMTSPWDFFTIARMTWWGRGIAHRFCGAMETIGLFPKGTQKTADSLAIAGDCLVAGGEKKLFTPMYLMVGRKPE,2.1.1.-,GO:0005783;GO:0005811;GO:0005739;GO:0042802;GO:0003838;GO:0006696;GO:0032259,1: Evidence at protein level,,Q4W9V1
Q4WD22,CRH1_ASPFU,Crh-like protein 1,crh1,Aspergillus fumigatus (strain ATCC MYA-4609 / CBS 101355 / FGSC A1100 / Af293),357,MMLPLLAVSAFASLGAAQTYTSCNPTNSLKTWSLSTDFTQGSSDGWTAISGNVTYGSNGAEFTINKRYDAPTLETNFYIFFGEVEVVMRAANGTGIVSSIVMESDDLDEIDWECTGTDTTQIQTNYFGKGNTTTYDRAIWETVSSPQDEFHTYKVVWTAAAITWYIDGTAVRTLEYADAVDGKNYPQTPMVVKLGIWAGGDPSNSEGTIEWAGGETDYDEVPFTMYVKSVNIINYNPAASYNYTDKTGSYTSIVASNSTTGSGIHSSNSVSVFAPSSSTSTFTSSRALIATASTYPASVQTSSSGVVSLSSSSASSSSAAASSTSGSASAVFTGAAVTNLPSFFFTVFFALAIALAF,,GO:0005886;GO:0098552;GO:0004553;GO:0005975;GO:0071555,3: Inferred from homology,,Q4WD22
Q4WJJ0,MKK2_ASPFU,Mitogen-activated protein kinase kinae mkk2,mkk2,Aspergillus fumigatus (strain ATCC MYA-4609 / CBS 101355 / FGSC A1100 / Af293),503,MSSSPVPLLRPPVPGNRGNGPRPPKLTLGIPPSPNSRPVDGNGVGPAAAAPEAPQPQRPSTRPAPPQLRLATPMGSSSDVPQEVPRLANGRPAPPPLATTGLNESTGHSRSSSFTYLDGKASGPASASSSNYSALSFAMGLRQPHGSTPDPSSAISSVYSDREGGVQMERDNSVNGLLPDLDKLSLEKGRPLDVDDLDDEGWLAASEQKKIIELGSLGEGAGGAVTRCKLKDGKTVFALKIITTDPNPDVKKQIVRELNFNKDCASEHICRYYGAFMDKSTGTISIAMEFCEGGSLDSIYKEVKKLGGRTGEKVLGKIAEGVLNGLTYLHSRKIIHRDIKPSNILLCRNGQVKLCDFGVSGEFGTKGDANTFIGTSYYMAPERITGQSYTITSDVWSLGVTLLEVAQHRFPFPADGTEMQPRAGLIDLLTYIVRQPIPKLKDEPENRIRWSDNFKYFIECCLEKEPPRRATPWRMLEHPWMLDMKNKKVNMANFVRQVWGWQD,2.7.11.24,GO:0005737;GO:0000935;GO:0005524;GO:0004708;GO:0106310;GO:0000196;GO:0030447;GO:0000165;GO:0050850,3: Inferred from homology,,Q4WJJ0
Q4WWN8,MET3_ASPFU,Sulfate adenylyltransferase,met3,Aspergillus fumigatus (strain ATCC MYA-4609 / CBS 101355 / FGSC A1100 / Af293),574,MANPPHGGVLKDLLARDAPRHDELEMEAEKLPAIVLTERQLCDLELIMNGGFSPLEGFMNQKDYDSVCENVRLADGNLFSMPITLDVSQAVIDEGKLKPGSRVTLRDFRDDRNLAILTIDDIYRPDKAKEAKLVFGGDEEHPAIKYLYNKVQEFYVGGKIEAINKLNHYDYVALRYTPAELRVHFDKLGWNRVVAFQTRNPMHRAHRELTVRAARARQANVLIHPVVGLTKPGDIDHFTRVRAYQALLPRYPNGMAVLGLLGLAMRMGGPREAIWHAIIRKNHGATHFIVGRDHAGPGKNSKGQEFYGPYDAQHAVEKYREELGIEVVEFQQVTYLPDTDEYKPKDEVPPGVKTLDISGTELRNRLRTGAPIPEWFSYPEVVKILRESSPPRHTQGFTIFLTGYMNSGKDAIARALQVTLNQQGGRSVSLLLGDTVRHELSSELGFSREDRHTNIQRIAFVAGELTRAGAAVIASPIAPYEESRNAARDAVTQAGGNFFLVHVATPLEYCEKTDKRGIYAKARRGEIKGFTGVDDPYETPSKADLTVDVSKQTVRSIVHEIILMLETEGFFDRS,2.7.7.4,GO:0005737;GO:0004020;GO:0005524;GO:0004781;GO:0019344;GO:0070814;GO:0009086;GO:0019379,3: Inferred from homology,,Q4WWN8
Q5AT15,SST_EMENI,Serine O-succinyltransferase,cysA,Emericella nidulans (strain FGSC A4 / ATCC 38163 / CBS 112.46 / NRRL 194 / M139),517,MSPLNGVARSFPRPFQAVTRRPFRVVQPAIACPSNSRSFNHSRSLRSTGSQSPAPSPRDSSNPALSFPCLDAQEAKSALLSARSLGSGPEPSYTAGHHERFHSDEPLLLDWGGLLPEFDIAYETWGQLNEKKDNVILLHTGLSASSHAHSTEANPKPGWWEKFIGPGKTLDTDKYFVICTNVLGGCYGSTGPSTVDPSDGKKYATRFPILTIEDMVRAQFRLLDHLGVRKLYASVGSSMGGMQSLAAGVLFPERVGKIVSISGCARSHPYSIAMRHTQRQVLMMDPNWARGFYYDSIPPHSGMKLAREIATVTYRSGPEWEKRFGRKRADPSKQPALCPDFLIETYLDHAGEKFCLEYDANSLLYISKAMDLFDLGLTQQLATKKQRAEAQAKISSGTNTVNDASCSLTLPEQPYQEQPSASTSAEQSASASETGSAPNDLVAGLAPLKDHQVLVIGVASDILFPAWQQREIAETLIQAGNKTVEHIELGNDVSLFGHDTFLLDVKNVGGAVRKFLD,2.3.1.-,GO:0005739;GO:0160210;GO:0009001;GO:0006535;GO:0006534,1: Evidence at protein level,,Q5AT15
Q5B467,NHMT_EMENI,N-terminal histidine N-methyltransferase,nhmT,Emericella nidulans (strain FGSC A4 / ATCC 38163 / CBS 112.46 / NRRL 194 / M139),558,MAPFRSIYEKDATKKLVVGAALLVLAAFYSYVFLLTLAPVYGSTPSHIFHGYGVGIAGVAGWFSKDIVDRVSGRKAIYAIPVLAFFLPVVQYFVSQQSSALGNPAGPIFTEVLALYPLVLLSVACAGKLVQAGLNLQRHGDLVAEHIPLLGSYVIYSAGEHLIKAFLSRFIGSTVLLSRAGLQILIAIFYAAAVPSKALLLAIPAFLFSVTSNTHLPLGHTTTALNNIIADDGFALVARQDSTTGYISVLDNLEDGFRVMRCDHSLLGGQWIKKRPNYTPPAVKDPIYAVFTMLEAVRLVETAHGIPRADAGSNALVIGLGIGTTPGALISHGIDTTIVEIDPVVHKYALQYFDLPENHTPIIEDARAFVQRSRNAPQPKQYDYIVHDVFTGGAEPVELFTYEFISGLHALLKDDGVIAINYAGDISLYSTALSIRTIKSIFPTCRLFREAAAPEIGPDFTNMVIFCTKSRGAPITFRDPVPEDFLGSRFRSRYLVPKHEVDAAQFDNVGLEDGPQGHGRRVLVDKEVGRLHKYQDRSALEHWGIMRTVLPDRVWEGW,2.1.1.85,GO:0005789;GO:0008168;GO:0032259,1: Evidence at protein level,,Q5B467
A0A0U5G0B1,OBLA_ASPCI,Ophiobolin F synthase,AcldOS,Aspergillus calidoustus,725,MEYKYSTIVDSSKWDPEGLIEGIPLRKHEAGDLEEVGSFRVQEDWRRLVGPVENPFRGSLGPEISFITYTVPECLPERLEAISYGLDYGFLHDDEIDTKIEEAELDDVGAALAQGGSTGKIQEGTKSSGKRKMAAQLLREMMALDPERAMTLAKSWAQGVQHSARRVEEKDWKSLDEYIPFRCMDLGYMHWHGLVTFGCAITVPEEEEEERRTLLEPAVIACLMTNDLFSYEKEKNDNNPQNAVAVIMKIHKCSEEEARDICKQRIRLECRKYARIVKETLARTDISLDLKRYIEIMQYTVSGNWAWSTQCPRYHADAKFNELQMLRAEHGVAKYPARYSLENRKNGANGVNGVNGINGVNGVNGVNGKRKRSGEETADDARTNGNGIKKPAHVLEYRDSLVLEDIVALSLDWNLPDLSDGVVVQPYKYLTSLPSKGFRDQAIDSLNTWLRVPTKTTKMIKDVIKMLHSASLMLDDIEDNSPLRRGKPSTHVIYGNAQTINSATYQYTEATGLAARLPNPTSLRIYLEEVQQLYIGQSYDLYWTHNALCPSIPEYLKMVDQKTGGLFRMLTRLMVSESPARSSILDQTLYPLSHLIGRFFQIRDDYQNLASAEYARQKGYAEDLDEGKYSFTLIHCINTLEAEASLASEKMALRAFLIKRRVDSSLSNESKREVLDIMKKTKSLEYTLGVLRALQAELEKEVDSLEAKFGEENFSLRMMLELLKV,,GO:0016829;GO:0046872;GO:0004659;GO:0046165;GO:0043386;GO:0016114,1: Evidence at protein level,,A0A0U5G0B1
A0A169T193,EVAS_EMEVA,Astellifadiene synthase,EvAS,Emericella variicolor,716,MEFKYSTLIDPEMYETEGLCDGIPVRYHNNPELEEIDCLRCHEHWRENVGPLGVYKGGLADQWNGISIAIPEALPDRLGVVSYASEFAFVHDDVIDIAQHGNEQNDDLRVGFEQMIDAGAIKYSTSGKRALQSYIAKRMLSIDRERAIISLRAWLEFIEKTGRQEERRFNNEKEFLKYRIYDVGMLFWYGLLTFAQKITIPENELTTCHELAIPAYRHMALLNDLVSWEKERASSIALGKDYCINFIFVAMEESGISEDEAKERCREEIKLATVDYLRVFDEAKDRIDLSHDTMLYLESLLYSMSGNVVWGLQSPRYYTDAKFSQRQLDWIKNGLPLEVRLEDRVFGLSPSEDRVTHQAVIENGLPESGLGKNGNSSNGVDVNKALLSAVLHEHLKGHAVFKMSDHEVKVKASNGRSLDTKVLQAPYEYITGLPSKRLREQAIDAMNVWFRVPAEKLDLIKSITTILHNASLMLDDVEDGSELRRGNPSTHTIFGLSQTINSANYQLVRALERVQKLEDSESLLVFTEELRNLYIGQSMDLYWTGNLICPTMNEYFHMVECKTGGLFRLFTRLMSLHSTSAVKVDPTTLSTRLGIYFQTRDDYKNLVSTEYTKQKGYCEDLEEGKFSLPLIHLIQAMPDNHVLRNILTQWRVTRKVTLAQKQVVLGLMEKSGSLKFTRETLASLYSGLEKSFTELEEKFGTENFQLKLILQFLRTE,,GO:0016829;GO:0046872;GO:0004659;GO:0046165;GO:0043386;GO:0016114,1: Evidence at protein level,,A0A169T193
A0A2D1VNM2,PT2_ASPRB,Echinulin prenyltransferase 2,echPT2,Aspergillus ruber,408,MQPYHTLSRVLPFPDANQKAWWDKLGPMLLKAMQSQGYDTEAQYAQLGMVYKCVLPYLGEFPTVENDATRWKSFLCPYGIPIEPSLNISQGILRYAFEPIGPDVGTEKDPQNMNIIQDCLKGLTQHDDRIDTTLHAEFSSRLLLTEEESRQFATTGQFNFGPGQGMHGFAVDLKGSRPMFKGYFCAGIKSVVTGIPTGKLMLDAVREVDTEGRITQPLDKLEEYSANGIGKLMLCFMSVDMVNPHDARIKMYGLQQEVSREGIVDLWTLGGRVNTPTNQEGLELLLELWDLLQIPAGPRSVAISHCSVGQPPEYMLPTLVNWTLLPGHSDPMPQVYLVPFGLPDSHISDCLVTFFERRGWTDLARDYKKNLASYFPDIDFTQSRHVQEAISFSFRKGKPYLSIYMSLF,2.5.1.-,GO:0004659;GO:0009820,1: Evidence at protein level,,A0A2D1VNM2
A0A2I1BSV7,NVFJ_ASPN1,Asnovolin E/Chermesin D methyltransferase nvfJ,nvfJ,Aspergillus novofumigatus (strain IBT 16806),278,MTVETITPQTPVSLPKTAVICNDFKLDRVNEPARSILEKYSKIPSREILEHVRKIRDEAFAEFPYPCIGRFSFLDLSISQSPKYPEILHRVVNGEKFLDLGCAFGQELRQLVYDGAPSDNLYGSDLHNGLMHLGYDLFRDVSTLKSRFIATNILEGNSDLISQLSGQMNIIYSSLFFHLFDWDQSLVIAKHVLRLLSLQPGSMITGRFVAYRDWNFAKEKLGSTLRFYFDLSSWTQLWKQVEVDTGSKLNIEHWEQSDNMLTDNGIGGYMLCFAITRQ,2.1.1.-,GO:0008168;GO:0032259;GO:0140782,1: Evidence at protein level,,A0A2I1BSV7
A0A8K1AY78,TNDC_ASPFV,Bifunctional type I diterpene synthase tndC,tndC,Aspergillus flavipes,764,MEYRYSTVVDPSTYETHGLCDGIPLRCHESPELEEIETLRCQEDWRRWVGPLGFYKGGLGPRWNFMAITVPECLPERLGVLGYANELAFLHDDVTDVADYGDLHNDDLKAAFEQAASTGHIEGSASGKRAIQAHIANEMMSIHKQHAITTLEAWAKFAELGSGRQHTTHFKTEDEYIKYRMIDIGTMFWYGMVTFGMGISIPEHELEMCHRLADTAYLNLGLTNDLYSWQKEYETAVAMDRDYVANIIGVIMEERNISEAEAKEVCREKIKKTIVDFRKIVDDTKARDDVSLDTKRYLEGLLYSLSGNLVWSIDCPRYHPWSSYNERQLDWMKNGIPKSPPKVNGNATANGNGVHHAPKESLANGTLNGHDRIHAPAVNGNGASHTSSIKGSTGGNGVTHSPVSNGSAVVNSALSMEIDTDLVNVFARKEYKSINGFKMHEGDNHPSNGQTKLNGNVTSWKVPGDVQTKVIQAPYDYISSLPSKGVRDHAIDALNVWCRVPAAKLDLIKLITNMLHNTSLMLDDLEDGSHLRRGRSSTHTIFGAGQTVNAANYHVIRALEEVQKFGDAESIVIFIEELKSLYVGQSLDLYWTNNAICPSVDEYFQMVENKTGGLFRLFGRLMSLHSSHPVKADLTGFLNQFGRYFQTRDDYQNLTSPEYTKQKGFCEDLDEGKFSLPLIHLMHSAPSNLVVRNIWTQRLVNNKASPAHKQTILELMKENGSLQFTMDALDVLHAKVEKSISDLEARFGVENFQLRLILEMLRKA,,GO:0016829;GO:0046872;GO:0004659;GO:0046165;GO:0043386;GO:0016114,1: Evidence at protein level,,
A1CJC1,MET3_ASPCL,Sulfate adenylyltransferase,met3,Aspergillus clavatus (strain ATCC 1007 / CBS 513.65 / DSM 816 / NCTC 3887 / NRRL 1 / QM 1276 / 107),574,MSNPPHGGVLKDLLARDAPRHDQLETEAEQLPAIVLTERQLCDLELIMNGGFSPLEGFMNQKDYDNVCENVRLADGNLFSMPITLDVSKAVIDESQLKAGSRVTLRDFRDDRNLAILTIDDIYRPDKAREAKLVFGGDKEHPAIKFLNNTVQEFYIGGKVEAINKLNHYDYVALRYTPAELRVHFDKLGWSRVVAFQTRNPMHRAHRELTVRAARARQANVLIHPVVGLTKPGDIDHFTRVRAYQALLPRYPNGMAVLGLLGLAMRMGGPREAIWHAIIRKNHGATHFIVGRDHAGPGKNSKGEEFYGPYDAQHAVEKYREELGIEVVEFQQVTYLPDTDEYKPKDEVPAGVKTLDISGTELRNRLRTGAPIPEWFSYPEVVKILRESSRPRSTQGFTIFLTGYMNSGKDAIARALQVTLNQQGGRSVSLLLGDTVRHELSSELGFSREDRHTNVQRIAFVAGELTRAGAAVIAAPIAPYEESRNAARDAVTQGGGNFFLVHVATPLEYCEKTDKRGIYAKARRGEIKGFTGVDDPYETPSNAHLTVDVSKQTVRSIVHEIILMLETEGFFDRA,2.7.7.4,GO:0005737;GO:0004020;GO:0005524;GO:0004781;GO:0019344;GO:0070814;GO:0009086;GO:0010134;GO:0019379,3: Inferred from homology,,A1CJC1
A1CQR5,KAD2_ASPCL,Adenylate kinase,adk1,Aspergillus clavatus (strain ATCC 1007 / CBS 513.65 / DSM 816 / NCTC 3887 / NRRL 1 / QM 1276 / 107),257,MAPITDEAVNGLKDMIGKLEARVQELEGRLVGDLKPKSTAEQMRIILMGPPGAGKGTQAPRLKEKYCVCHLATGDMLRSQVAKKTELGKEAKKIMDQGGLVSDEIMVNMIKSELETNSECKNGFILDGFPRTVAQAERLDDMLEARKQKLQHAVELQIDDALLVARITGRLVHPASGRSYHKIFNPPKNEMLDDITGEPLIQRSDDNAETLKKRLSTYHAQTAPVVDYYKKTGIWRGIDASQEPGQVWKSLLGVFQK,2.7.4.3,GO:0005829;GO:0005758;GO:0004017;GO:0016208;GO:0005524;GO:0003688;GO:0006172;GO:0046033;GO:0046034;GO:0006270;GO:0036388,3: Inferred from homology,,A1CQR5
A4GYZ0,GLIG_ASPFU,Glutathione S-transferase gliG,gliG,Aspergillus fumigatus (strain ATCC MYA-4609 / CBS 101355 / FGSC A1100 / Af293),240,MSERPSDLVVNRLVLFVVKGTATSTHNTVKPLILLEELGVPHDIYVVEKVSAPWFSEINPHKMVPAILDRSPDGRDTLRAWESTSTLMYIADAYDKDGTLGGRNVQERSEINNWLTLHTAALGPTAKYWLYFYKLHPEKLPKTIEKLRSNITVQYDILERRLNEPGQQYLALKDRPTIADIATLPFAMKSTAELFGLEFEKWPKLQEWSVRMGEREAVKRAWQRVAGFGHGEKEYGMLEA,2.5.1.18,GO:0005737;GO:0004364;GO:2001310;GO:0043386,1: Evidence at protein level,,A4GYZ0
B0Y8H9,GEL2_ASPFC,"1,3-beta-glucanosyltransferase gel2",gel2,Aspergillus fumigatus (strain CBS 144.89 / FGSC A1163 / CEA10),475,MLPTYVRLFTAVCALATTASAVVPIEVKGKDFVNSKTGDRFQILGVDYQPGGSSGFTKDKDPLSDPDACLRDAALMQRLGVNTIRIYNLSPSLNHDECASIFNAAGIYMILDVNSPLYGGYLDRTDPESTYNDVYFKQVFGVIEAFKNFPNTLAFFAGNEVINEQSVKNVPTYVRAIQRDMKDYIAKNLDRSIPVGYSAADIRPILMDTLNYFMCADDANSQSDFFGLNSYSWCGNSSYTKSGYDVLTKDFADASIPVFFSEYGCNEVQPRYFSEVQALYGQEMTQSFSGGLVYEYTQEENDYGLVQINDNGTVTLLVDYDNLMAQYSKLDMSRIQASNTTQTSAKPPKCESSLITNSTFTDSFDLPKRPSKVQTMIDKGLSDANTGKLVEVKNTDIKQKIYNANGEEITGIKLSILASGESNTPGAHSSGSTSGSSSSGGSSSSSSDKESAAGTISVPFVGLLSAASFMAFFML,2.4.1.-,GO:0009277;GO:0005886;GO:0098552;GO:0042124;GO:0071970;GO:0031505,1: Evidence at protein level,,B0Y8H9
B0Y8W7,MPKB_ASPFC,Mitogen-activated protein kinase mpkB,mpkB,Aspergillus fumigatus (strain CBS 144.89 / FGSC A1163 / CEA10),353,MVQQPPQGGSRKISFNVSEQYEIQDVIGEGAYGVVCSAIHKPSGQKVAIKKITPFDHSMFCLRTLREMKLLRYFNHENIISILDIQRPRNYESFNEVYLIQELMETDMHRVIRTQDLSDDHCQYFIYQTLRALKAMHSANVLHRDLKPSNLLLNANCDLKVCDFGLARSAASTDDNSGFMTEYVATRWYRAPEIMLTFKEYTKAIDVWSVGCILAEMLSGKPLFPGKDYHHQLTLILDVLGTPTMEDYYGIKSRRAREYIRSLPFKKKIPFKALFPKSNELALDLLEKLLAFNPAKRITVEEALRHPYLEPYHDPDDEPTAPPIPEGFFDFDKNKDALSKEQLKTLIYEEIMR,2.7.11.24,GO:0005634;GO:0005524;GO:0004707;GO:0106310,3: Inferred from homology,,B0Y8W7
C5P7K2,ARGJ_COCP7,"Arginine biosynthesis bifunctional protein ArgJ, mitochondrial",,Coccidioides posadasii (strain C735),479,MVPNTPFLAAFSYTPRVRPGAVRALAAQVRHYTTPIDPSIPESKRKFVPCSGAYPLGFRVSGTHVGVKKSNITFPDLAIICSEEPCSAAAVFTTNKFQAAPVQVSKQIINARSGRGIRAVIANSGCANAVTGKGGIQDAKSMSAKVDQCIGLKATGNDGDSSTLVMSTGVIGQRLPIEKIISGIPTGYANLSSTHTAWLKTARAICTTDTFPKLLSRSFTLPSSPDRTYHIAGMTKGAGMIHPNMATLLGIICTDAPIEAPALQSLLAHSVSRSFNSISVDGDTSTNDTIAVLANGVAGGKPISSPESPEYTAMQSILTSFTQSLAQLVVRDGEGATKFVTVRVRNSPSHSDAKLIASTIARSPLVKTALYGKDANWGRILCAVGYTQGISPGTIIPERTSVSFKPVDGSPELKLLVNGEPEAVDEERASAILQNEDLEIVVDLGGGDKGEAGKGGEDGVFWFCDFSHEYVTINGDYRT,,GO:0005759;GO:0004358;GO:0004042;GO:0006526;GO:0006592,3: Inferred from homology,,C5P7K2
C8V3W5,HST1_EMENI,NAD-dependent protein deacetylase hst1,,Emericella nidulans (strain FGSC A4 / ATCC 38163 / CBS 112.46 / NRRL 194 / M139),489,MDLASAPRGESPPLKAPLVEIEAAEVERSLPQENAAPEEKGSNSQSEYESDSDALDDEWETQSLYEDAIQMIRDDQLRDGTIPGACTLEEAIEFRKRLHEVGKAQFVEETIARDTVTAKKLCTAFGILPPSFLEGAPDEAYHPLLAIAISREFARRQKLPQYNSVDDAVKLLKESKNIIVLTGAGISTSLGIPDFRSKDTGLYSKLENLGLNDPQEVFDIRIFREDPGIFYSIAKDILPTEKKFSPTHGFIRLLQDKGKLLTNYTQNIDNIEANAGVFPENIVQCHGSFATATCVKCQYKVAGDEIYDDIKKGLIPECAQCRKRIAEDSQKPQGQKRKRNSTSAHKDRSKSGEDSSDGEDYEIPTPGVMKPDITFFGEDLPDEFGRRLLHHDRDKVDLVIVIGTSLKVAPVAEVPGVLPPHIPQIYISRTPVAHTNFDIDLLGDCDVVVSELCRRAGWELKHEMISPDEKVDVTPVFGYGSRHVFKVSG,2.3.1.286,GO:0099115;GO:0031934;GO:0005634;GO:0005721;GO:0033553;GO:0032041;GO:0141222;GO:0046969;GO:0046970;GO:0046872;GO:0070403;GO:0031507;GO:1902794,3: Inferred from homology,,C8V3W5
D4AJL7,EXG1_ARTBC,"Probable glucan 1,3-beta-glucosidase ARB_04467",,Arthroderma benhamiae (strain ATCC MYA-4681 / CBS 112371),413,MKFGSLLGLSLVGLSVASPVTNVWKSPRAADDFIRGVNLGGWLVLEPWITPGIFEEGGDSAVDEWTLSAALGHRAHERLKLHWNTFMEQKDFDRIKGAGLTHVRIPIGYWAVAPIQGEPFVQGQVDMLDAAIDWARHSGLKVNVDLHGAPGSQNGFDNSGRLGPANWQKGDTVAQTYKALDVLIQRYAKKDGVVDEINLINEPFPQAGIQVEPLKDYYRQGAAKVKSANPNVAVVISDAFMGPSKWNGFDVGAKTIIDTHHYQVFSPQLVAMDINQHVKAACDFGNDELAKSSIPAIVGEWCGALTDCTQYLNGRHEGARYDGTHKDSDPKTAVPNGCVRKTGGSASQLTDEEKTNTRRYIEAQLDSFSKGHGWFWWTWKTERGSPGWDLNDLLSNGLFPQPLDSRMFLGQCN,2.4.1.-;3.2.1.58,GO:0009986;GO:0005576;GO:0004338;GO:0016740;GO:0007155;GO:0071555;GO:0009251,1: Evidence at protein level,,D4AJL7
P0C7S9,GEL1_ASPFU,"1,3-beta-glucanosyltransferase gel1",gel1,Aspergillus fumigatus (strain ATCC MYA-4609 / CBS 101355 / FGSC A1100 / Af293),452,MKASAVTAALAVGASTVLAAPSIKARDDVTPITVKGNAFFKGAERFYIRGVDYQPGGSSDLADPIADADGCKRDIAKFKELGLNTIRVYSVDNSKNHDECMNALADAGIYLVLDVNTPKYSINRAKPKESYNDVYLQYIFATVDAFAGYKNTLAFFSGNEVINDGPSSSAAPYVKAVTRDLRQYIRSRKYREIPVGYSAADIDTNRLQMAQYMNCGSDDERSDFFAFNDYSWCDPSSFKTSGWDQKVKNFTGYGLPLFLSEYGCNTNKRQFQEVSSLYSTDMTGVYSGGLVYEYSQEASNYGLVEISGNNVKELPDFDALKTAFEKTSNPSGDGNYNKTGGANPCPAKDAPNWDVDNDALPAIPEPAKKYMTEGAGKGPGFAGPGSQDRGTQSTATAEPGSGSATGSSSSGTSTSSKGAAAGLTVPSLTMAPVVVGAVTLLSTVFGAGLVLL,2.4.1.-,GO:0009277;GO:0005886;GO:0098552;GO:0042124;GO:0042123;GO:0071970;GO:0031505,3: Inferred from homology,,P0C7S9
P0C954,GEL2_ASPFU,"1,3-beta-glucanosyltransferase gel2",gel2,Aspergillus fumigatus (strain ATCC MYA-4609 / CBS 101355 / FGSC A1100 / Af293),475,MLPTYVRLFTAVCALATTASAVVPIEVKGKDFVNSKTGDRFQILGVDYQPGGSSGFTKDKDPLSDPDACLRDAALMQRLGVNTIRIYNLSPSLNHDECASIFNAAGIYMILDVNSPLYGGYLDRTDPESTYNDVYFKQVFGVIEAFKNFPNTLAFFAGNEVINEQSVKNVPTYVRAIQRDMKDYIAKNLDRSIPVGYSAADIRPILMDTLNYFMCADDANSQSDFFGLNSYSWCGNSSYTKSGYDVLTKDFADASIPVFFSEYGCNEVQPRYFSEVQALYGQEMTQSFSGGLVYEYTQEENDYGLVQINDNGTVTLLVDYDNLMAQYSKLDMSRIQASNTTQTSAKPPKCESSLITNSTFTDSFDLPKRPSKVQTMIDKGLSDANTGKLVEVKNTDIKQKIYNANGEEITGIKLSILASGESNTPGAHSSGSTSGSSSSGGSSSSSSDKESAAGTISVPFVGLLSAASFMAFFML,2.4.1.-,GO:0009277;GO:0005886;GO:0098552;GO:0042124;GO:0042123;GO:0071970;GO:0031505,3: Inferred from homology,,P0C954
P0DP82,XPTB_EMENI,Xanthone prenyltransferase B,xptB,Emericella nidulans (strain FGSC A4 / ATCC 38163 / CBS 112.46 / NRRL 194 / M139),463,MATDGMVLHKRSLSEGGTSTQAWKVLSQTLPSRGPDVDAWWQLTGRHLAVLLDAAAYPIEKQYECLLYHYHYAAPYLGPAPREGASPPTWKSMLQLDGTPFEFSWKWNNPGGEPDVRFGLEPIGPMAGTSLDPLNHLAMREILYKLSSAVPGSDLTWTHHFLATLFDHDYAKYTQKAATMGSSIGTSLVYSLEFQRKSTGLKTYFHPRKLDQQAFLDIPSWEASFRGLHPNSPSRTAVHEFLSTNPEGKLLKPFCLSVDNCSPAKARIKWYFNSPHTNFRAIREIMTLGGRIADTETRTKQFSELFNLLKTVTEEHADFPETSEFPYVPNNGDSIIPNFADAPDMLKGCVYFFDIAPGRNLPAIKVYFPVRNHCRNDLAVTQNLNRWLESRGRGQYGAAFGRALETIADYRRLEDSGGLLSFLSCQFMEDGELDLTSYFNPQAFHSGRLTHRRATRRRGDDRW,2.5.1.-,GO:0004659;GO:0009820,1: Evidence at protein level,,P0DP82
P78985,PFKA_ASPNG,ATP-dependent 6-phosphofructokinase,pfkA,Aspergillus niger,783,MAPPQAPVQPPKRRRIGVLTSGGDAPGMNGVVRAVVRMAIHSDCEAFAVYEGYEGLVNGGDMIRQLHWEDVRGWLSRGGTLIGSARCMTFRERPGRLRAAKNMVLRGIDALVVCGGDGSLTGADVFRSEWPGLLKELVETGELTEEQVKPYQILNIVGLVGSIDNDMSGTDATIGCYSSLTRICDAVDDVFDTAFSHQRGFVIEVMGRHCGWLALMSAISTGADWLFVPEMPPKDGWEDDMCAIITKNRKERGKRRTIVIVAEGAQDRHLNKISSSKIKDILTERLNLDTRVTVLGHTQRGGAACAYDRWLSTLQGVEAVRAVLDMKPEAPSPVITIRENKILRMPLMDAVQHTKTVTKHIQNKEFAEAMALRDSEFKEYHFSYINTSTPDHPKLLLPENKRMRIGIIHVGAPAGGMNQATRAAVAYCLTRGHTPLAIHNGFPGLCRHYDDTPICSVREVAWQESDAWVNEGGSDIGTNRGLPGDDLATTAKSFKKFGFDALFVVGGFEAFTAVSQLRQAREKYPEFKIPMTVLPATISNNVPGTEYSLGSDTCLNTLIDFCDAIRQSASSSRRRVFVIETQGGKSGYIATTAGLSVGAVAVYIPEEGIDIKMLARDIDFLRDNFARDKGANRAGKIILRNECASSTYTTQVVADMIKEEAKGRFESRAAVPGHFQQGGKPSPMDRIRALRMATKCMLHLESYAGKSADEIAADELSASVIGIKGSQVLFSPMGGETGLEATETDWARRRPKTEFWLELQDTVNILSGRASVNNATWSCYENA,2.7.1.11,GO:0005945;GO:0005739;GO:0003872;GO:0016208;GO:0005524;GO:0070095;GO:0042802;GO:0046872;GO:0048029;GO:0061621;GO:0030388;GO:0006002,3: Inferred from homology,,P78985
Q02398,RAD18_EMENI,Postreplication repair E3 ubiquitin-protein ligase rad18,uvsH,Emericella nidulans (strain FGSC A4 / ATCC 38163 / CBS 112.46 / NRRL 194 / M139),443,MEPTFDIPDSTDWLDTPLTLLAPFETSLRCQVCKDFFDNPVITSCSHTFCSLCIRRCLSTEGKCPTCRSSDQELKLRRNWVVQELVEGFKNARPSILQLARMAQTGTDDSGDLAAEEPASKKRKIEPNAIVGTDGLPEEGIRTRSQSRGASRQPQATPVQVIDDGNDEDYMPDGLVPCPVCGRRMKEEAVFRHLDSCTGTAEELKPAAFGSLAPGPRKSFLAATGKPPERLPVINYSLLKDTVLRKKLKDLGIPNWGPRALLQRRHTEWLNLWNANCDSRTPKPKRELLRELDVWERTQGGNSVTPTDPTNAVMNKDFNTEEWSANYDTDFKALIANARKKNDAVIRSTIPNASQANSDTPRSAQLVDQPIEASLTPQDVDEKSTMNPQDAIDNRTEVPPVPDPPQALSGIDRAVNSPMKNVTEGDAQAIPISSSASTHKTPH,2.3.2.27,GO:0005634;GO:0097505;GO:0003697;GO:0061630;GO:0008270;GO:0006281;GO:0006312;GO:0006301;GO:0006513,2: Evidence at transcript level,,Q02398
Q12650,MET3_PENCH,Sulfate adenylyltransferase,met3,Penicillium chrysogenum,572,MANAPHGGVLKDLLARDAPRQAELAAEAESLPAVTLTERQLCDLELIMNGGFSPLEGFMNQADYDRVCEDNRLADGNVFSMPITLDASQEVIDEKKLQAASRITLRDFRDDRNLAILTIDDIYRPDKTKEAKLVFGGDPEHPAIVYLNNTVKEFYIGGKIEAVNKLNHYDYVALRYTPAELRVHFDKLGWSRVVAFQTRNPMHRAHRELTVRAARSRQANVLIHPVVGLTKPGDIDHFTRVRAYQALLPRYPNGMAVLGLLGLAMRMGGPREAIWHAIIRKNHGATHFIVGRDHAGPGSNSKGEDFYGPYDAQHAVEKYKDELGIEVVEFQMVTYLPDTDEYRPVDQVPAGVKTLNISGTELRRRLRSAHIPEWFSYPEVVKILRESNPPRATQGFTIFLTGYMNSGKDAIARALQVTLNQQGGRSVSLLLGDTVRHELSSELGFTREDRHTNIQRIAFVATELTRAGAAVIAAPIAPYEESRKFARDAVSQAGSFFLVHVATPLEHCEQSDKRGIYAAARRGEIKGFTGVDDPYETPEKADLVVDFSKQSVRSIVHEIILVLESQGFLERQ,2.7.7.4,GO:0005737;GO:0004020;GO:0005524;GO:0004781;GO:0070814;GO:0010134;GO:0019379,1: Evidence at protein level,1I2D;1M8P,Q12650
Q1DUU8,HOG1_COCIM,Mitogen-activated protein kinase HOG1,HOG1,Coccidioides immitis (strain RS),364,MAEFVRAQIFGTTFEITTRYTDLQPVGMGAFGLVCSARDQLTNQAVAVKKIMKPFSTPVLAKRTYRELKLLKHLRHENVISLSDIFISPLEDIYFVTELLGTDLHRLLTSRPLEKQFIQYFLYQILRGLKYVHSAGVVHRDLKPSNILINENCDLKICDFGLARVQDPQMTGYVSTRYYRAPEIMLTWQKYDVEVDVWSAGCIFAEMLSGRPLFPGKDHVNQFSIITELLGSPPDDVIKTICSANTLQFVQSLPKRERQPLSEKFKGAEPLAVDLLERMLVFDPKKRITAAEGLAHEYLAPYHDPTDEPVAETQFDWSFNDAELPIDSWKVMMYSEILDYHNVDQDSQGIHGTPLNTEAQRVPM,2.7.11.24,GO:0005737;GO:0005634;GO:0005524;GO:0004707;GO:0106310;GO:0051403,3: Inferred from homology,,Q1DUU8
Q1EBK0,SSN3_COCIM,Serine/threonine-protein kinase SSN3,SSN3,Coccidioides immitis (strain RS),467,MSFSNLPPSSGRGSHADGASGRSMPPFPGSSSFTANNPSKGIHPNLTLKRSVQSFDESLDNKKPLPFSYASKVKLREKYLIVGFISSGTYGRVYKAKGRDGVGGDFAIKKFKPDKEGEKVEYTGLSQSAIREISLCTELNHPNVVRLVETILEDKCVYMVFEYTEHDLLQIIHHHTQPQRHAIPAPMVKSILFQLLNGLLYLHSQWVMHRDLKPANILVTSKGAVRIGDLGLARVFKKPLNSLFSGDKVVVTIWYRAPELLLGARHYTTAVDLWAVGCIFAELLSLRPIFKGEEAKMDSKKTVPFQRNQMLKIIEILGLPKKEKWPGLSSMPEFPQLQAMAMAPGSGHLHKPSNLEHWYHVCLKSGGYSGSSPAGSPGKEGFDLLSRLLEYDPEKRISAKEALNHPYFTTGTPVAKNCFEGFEGKYPNRRVSQDDNDIRSGSLPGTKRSGLPDDTLTSRAAKRAREM,2.7.11.22;2.7.11.23,GO:0016592;GO:0005524;GO:0004693;GO:0046872;GO:0106310;GO:0008353,3: Inferred from homology,,Q1EBK0
Q4WAW6,FTMD_ASPFU,6-hydroxytryprostatin B O-methyltransferase,ftmMT,Aspergillus fumigatus (strain ATCC MYA-4609 / CBS 101355 / FGSC A1100 / Af293),342,MTQAVDIGTIQTLIRLEVPDQVPLTGSIPYDALVKKLKTPVDPELLQRLIRFTRLVGFLDEDAEGAVKHSPMSAIFVNDPDTAGQARFMADFGIRPCSFIYESIKLDPSGEAARQGPLALMAREPGAREGPTFFEVLEKDPVNRKRWHDGMAVHNDSMVRHVAGAYDWGTVQSLVDIGGSEGHVAAVIVNAFPHIQITVQDLPEIIEKARQRGDRHPNIIFEEHDFFTPQPRIADAYFLRLILHDWNDADCTRIVRQISSALRPGARLLIMDAVLPEPGEGSLQSERRLRRSDIGMYTLFSAKERSLAQMRRLVEDCDSRLRFEKLYTPPGSHASMLSWICE,2.1.1.293,GO:0008171;GO:1900772;GO:0032259;GO:1902181,1: Evidence at protein level,,Q4WAW6
Q4WLA8,ER10A_ASPFU,"Acetyl-CoA acetyltransferase erg10A, mitochondrial",erg10A,Aspergillus fumigatus (strain ATCC MYA-4609 / CBS 101355 / FGSC A1100 / Af293),433,MAIQTTTGLAARLVAKRATFPASRRNFSASRSALKEIQEAYILSGARTPTAKFNGSFVSVSAPELGAVAIKSAVSKSGVPVEKITDVYMGNVLQGAVGQAPARQASMFAGLSPTVESMTVNKVCASGLKAVALAAQNIQLGLAEAQVAGGMENMSRVPYYLPRSTQLPPFGEIKLQDGLIQDGLWDVYNQFHMGICAEKTAKKYEISREEQDQYAIQSYQRAQAAWKENKFAEEIAPVTVKGKKGETVVERDEGYENLRIDKMATLKPAFLRDGTGTVTAGNASTMNDGASALVLGSKAIAREFAQGNRALARIVSTADAAIDPVDFPVAPAKAVPIALERAGITKDQVAVWEFNEAFAAVIKANEKILGLQNARVNPLGGAISLGHALGSSGSRILVTLLHQLQPGEYGVAAICNGGGAATAMVVQKLDRVD,2.3.1.9,GO:0005739;GO:0003985;GO:0046872,1: Evidence at protein level,,Q4WLA8
Q4WP25,ERG12_ASPFU,Mevalonate kinase erg12,erg12,Aspergillus fumigatus (strain ATCC MYA-4609 / CBS 101355 / FGSC A1100 / Af293),538,MGNPRGRRTNGSIKTSKGTQRGTVSNLLSDQPLAARPKVSIVSNDDSQDSSDGGAFTTPSTTESTLKTTINGTDSTERNMSRKPSSPMAPAFMVSAPGKVIVYGEHAVVHGKAAMAAAISLRSYLLVTTLSKSQRTITMNFRDIGLDHTWNIDELPWDVFHHPSKKKFYYDLVTSLDPELVAAIQPHADAVSPDKPEDVRKIHRRSASAFLYLFLSLGSSQNPGAIYTLRSTIPIGAGLGSSASVCVCLSAALLLQIRTLAGPHPDQPPDEAEVQIERINRWAFVGEMCTHGNPSGVDNTVSAGGKAVVFRREDYSKPPTVTPLLNFPELPLLLVDTRQSRSTAVEVAKVGKLKDEYPVVTDSILEAIDQVTLAAQQKIQEISTNGISYRTLEDLGTLIRINHGFLVSLGVSHPRLERIRELVDYADIGWTKLTGAGGGGCAITLLRPDIKEEAVRELEEKLSAEGFVKYETTLGGDGIGVLWPAVLRNGTDEEGGEEIDQQKFENAVGTEGIERLVGVGVQEKREGWKFWKRSPRFS,2.7.1.36,GO:0005829;GO:0005524;GO:0046872;GO:0004496;GO:0006696;GO:0019287,2: Evidence at transcript level,,Q4WP25
Q5AVF8,ARGJ_EMENI,"Arginine biosynthesis bifunctional protein ArgJ, mitochondrial",ornA,Emericella nidulans (strain FGSC A4 / ATCC 38163 / CBS 112.46 / NRRL 194 / M139),464,MAPSAQPTAAMATFTRMVKGQMRCYSAPVDAAIPASKRKYIPTSGTYPKGFFVSGTHVGVKASNTKFPDLALITSETPCSAAAVFTTNKFQAAPVQVSKKILNATQGQGIRSVIINSGCANAVTGKGGLEDAMSMATKVDEYTGVAENGTLVMSTGVIGQRLPISKILSKIPEATSSLSSTHDAWLTTARAICTTDTFPKLLSQTFTLPSSPGRTYNIAGMTKGAGMIHPNMATLLGVIATDAPIVPSALQSLLKTSVARSFNAISVDGDTSTNDTVAILANGAAGGAPINSTQNDDYVVMQNILTSFLQSLSQLVVRDGEGATKFVTVRIQNSPDYPSAQLIASTIARSPLVKTALYGRDANWGRILCAIGYTQGVAPGTVVPERTSVSFKPADGSPVLKLLVNGEPEQVDEERASAILQDEDLEIIVDLGGGEKGELGGEEGVYWFCDFSHEYVTINGDYRT,,GO:0005759;GO:0004358;GO:0004042;GO:0006526;GO:0006592,3: Inferred from homology,,Q5AVF8
Q8NJN1,MET3_ASPNG,Sulfate adenylyltransferase,met3,Aspergillus niger,574,MANTPHGGVLKDLLARDAPRHDQLAAEAEILPALTLTERQLCDLELIMNGGFSPLEGFMNQKDFDGVCENCRLADGNVFSMPITLDASQKTISELKLQAGSRLTLRDFRDDRNLAILTIDDIYRADKQKEAKLVFGGDPEHPAIKYLNNTVQEFYIGGKIEAVNKLNHYDYVALRYTPAELRVHFDKLGWSRVVAFQTRNPMHRAHRELTVRAARARQANVLIHPVVGLTKPGDIDHFTRVRAYQALLPRYPNGMAVLGLLGLAMRMGGPREAIWHAIIRKNHGATHFIVGRDHAGPGKNSKGEEFYGPYDAQHAVEKYKDELGIEVVEFQQVTYLPDTDEYRPKDEVPAGVKTLDISGTELRKRLRTGAHIPEWFSYPEVVKILRESNPPRASQGFTIFLTGYMNSGKDAIARALQVTLNQQGGRSVTLLLGDTVRHELSSELGFSREDRHTNIQRIAFVAGELTRAGAAVIAAPIAPYEESRKAAREAVAGSGGNFFLVHVATPLEHCEKTDKRGIYAKARRGEIKGFTGVDDPYEAPANADLTVDVSKQSVRSIVHEIILMLESEGYFERL,2.7.7.4,GO:0005737;GO:0004020;GO:0005524;GO:0004781;GO:0019344;GO:0070814;GO:0009086;GO:0010134;GO:0019379,3: Inferred from homology,,Q8NJN1
Q8TFN1,NMT_EMENI,Glycylpeptide N-tetradecanoyltransferase,swoF,Emericella nidulans (strain FGSC A4 / ATCC 38163 / CBS 112.46 / NRRL 194 / M139),493,MSDSKDSKGKAPQKPNDAEQTPGGKLTPQAAEALLENNPSLKNELGGLDKDKALEALRKMDISELLTGLSLTGKNKKDMAAFKFWQTQPVPRFDEAASNAAGGPIKMIDPEKVSKEPDALIEGFEWTTLDLTNEEELRELWDLLTYHYVEDDNAMFRFRYSKSFLHWALMSPGWRKEWHVGVRATKSRKLVASISGVPTQIRVRGQKIKVTEINFLCIHKKLRSKRLAPVLIKEITRRCYLNGIYQAIYTAGVVLPTPVSSCRYYHRPLDWLKLYEVGFSPLPRGSTKARQITKNHLPSHTSTPNLRPMEAKDVDAVHDLLERYLNQFDIHQAFTREEIDHWLVYKESPQKEQVIWSYVVEDPETHKITDFFSFYNLESTVIQHPKHDCVRAAYLYYYATETAFLDDQKALKNRLQMLMNDALILAKKAQFDVFNALTSHHNPLFLEQLKFGAGDGQLHFYLYNYRTAPIAGGVNEKNLPDENRMGGVGVVML,2.3.1.97,GO:0005829;GO:0004379;GO:0030010;GO:0018008;GO:0072657,1: Evidence at protein level,,Q8TFN1
Q96VK3,BUR1_EMENI,Serine/threonine-protein kinase bur1,ptkA,Emericella nidulans (strain FGSC A4 / ATCC 38163 / CBS 112.46 / NRRL 194 / M139),544,MGIASLERDTKGGTRFTGCTSIREFEFLGKLGEGTFGEVYKARAKRDGSIVALKKILMHNERDGFPITALREIKLLKMLSHTNIMQLREMAVERSKGEGRKKPSMYMVFPYMEHDLSGLLENPEVHFSEAQIKCYMIQLLEGLKYLHGNCILHRDMKAANLLISNQGILQIADFGLARPFDEAPPQPGKGAGEAKRDYTTLVVTRWYRPPELLLQLRRYTSAIDMWGVGCVFGEMFKGKPILAGNSDLNQAQLIFSLVGTPTEENMPGWSSLPGCEGVKHFGNRPGNLAEVFKDQGPMAISLLTELLKLDWRKRVNAIDALKHPYFSTPPLPARPGDLPSFEDSHELDRRRFRGQRAAMPPAPAGGSVGMSRNGGWSTNSGSRTGAETRNPRISSAARSQGNQLRDAWSNEPQQAWQRRGNEELKDPNHSFSSRHRDGGLPPKPPAPIQHSWASGHSDKTGRDRGYGARYGGPEGSVDSYVPNYGGSDRNRDRDQGTAISDRRGSYYDKSHQTSKLDYSREIPSRRRSRSPNYRERVDRGPYRR,2.7.11.22;2.7.11.23,GO:0000785;GO:0005634;GO:0070691;GO:0070693;GO:0005524;GO:0004693;GO:0106310;GO:0008353;GO:0030643;GO:0032968;GO:0006368,2: Evidence at transcript level,,Q96VK3
Q9Y898,KKCCC_EMEND,Calcium/calmodulin-dependent protein kinase kinase cmkC,cmkC,Emericella nidulans,518,MANEGAGSLQQDASPGSSARPEPYPRPSPARYASTPSFESPQRHHRRNPIARRPVKETLNARSEYTLSQDDGTADDRINQYVIKQEIGRGSFGAVHVAVDQYGNEYAVKEFSKARLRKRAKSQLLRQSRGPKRSSRWPKLPFSSPGTGTWRRRDEKCSLFYQRRNCHYEEVTPQQSSILDRGTGRPDPRFSYMVMEMCKKGVVMKVTLEERADPYDDERCRCWFRDLILGIEYLHAQGIVHRDIKPDNCLITNDDVLKVVDFGVSEMFVLNSDMFTAKSAGSPAFLPPELCVVKHGDVSGKAADIWSMGVTLYCLRYGKLPFEEHSIIELYDAIKNRPIVCDGETDEVFKDLMLRILEKDPAKRIQMDELREHPWVTKNGMDPLLPKSENTAEIVDLPTEEEMFSAITKNFGHVLAVMKAAKKFKSLQGPTRASTPIQSILGQEYETHFVEPPTQMDPEESVSLPSPLPYKKTQSLNTYNRRAWERDDVVKGYHPQRRKLSLVLRQRAANRVLRTALF,2.7.11.17,GO:0005737;GO:0005524;GO:0004683;GO:0005516;GO:0106310;GO:0051301;GO:0035556,1: Evidence at protein level,,Q9Y898
Q9Y8C1,MOC2B_EMENI,Molybdopterin synthase catalytic subunit,cnxH,Emericella nidulans (strain FGSC A4 / ATCC 38163 / CBS 112.46 / NRRL 194 / M139),195,MSARPEPQPGSERNATEPLPSHLDPTTYPRTLTTTHGPTSIPLHLELTYHTLSPTTALQHVSSPSSGANILFLGTTRDTFDDRPVARLSYTSYPALALKSLHKISSEAVEKFGLNGVYIAHRLGEVPVGEASIVVAVGAGHRGEAWRGAEWVLEVVKERVEVWKREEFVDGGMEWRENRERDGFGKLKTKKEDSR,2.8.1.12,GO:0005829;GO:1990140;GO:0030366;GO:0006777;GO:0032324,1: Evidence at protein level,,Q9Y8C1
W6R4H4,MPAG_PENRF,O-methyltransferase mpaG,mpaG,Penicillium roqueforti (strain FM164),398,MLTKSVTSILQGITLAAKEFENNEAGARESLIAHSRALISALEVPSEFIQHTFWSQPALSAIIRLAADVNMFQHLKDAAGKGIDCEALSMKTGVDASLLSRLARHLVAMNVITFQNGAFHGTDLSDSLAAENYQHSIRFCHDVSRPSFNEFPEFFKSNGYKTPTLSGTDGPFQAAHKTELTFLQWLVNTHPYLQYFHSYMSVYRAGKQNWCDTGFYPVSERLLSGFDASVSDVVLVDVGGGRGHDLETFASKFSPLPGRLVLQDREQTIASMPADESRQFEATAHNIFTPQPVKYARAYYMHSVPHGFGDEDAIKIMANLVPALAKGYSRVLLNEIVVSEENPILAATNMDMIMLAHLAVKERTEAEWRYIFTQAGLKVVNIYSYPGVAESLIEAELA,2.1.1.-,GO:0005829;GO:0008168;GO:0008171;GO:0032259;GO:0140722;GO:0016114,3: Inferred from homology,,W6R4H4
A0A067Z9B6,FMAD_ASPFU,O-methyltransferase af390-400,af390-400,Aspergillus fumigatus (strain ATCC MYA-4609 / CBS 101355 / FGSC A1100 / Af293),400,MADIAEQLIEKLQTLETSIFEGQDATRQKLALAARKLFHTLETKEEKTMRLAIEEPVMFSVLQALIDTGLFEGWAAAGGGERDVTELAKLSKRDVEPELLRHQLRLMAANHIILETANDRYAPTPYALAIGDKSTKVAPALRIRTDHVAPCAMHWPDFLAKTNYRKPRDDKASCYIDTFPEKKSFFERCSANPVHQESFSSFMDVWAKGKRPWPEFYDTQALLDGADLSNGSPFVVDVGGHHGIDLMRVAEKHPDLPAGSLVLEDLPDVVGAVHLTTDKIRTVAHDLFEEGVEQPIKGARAYFMHAVLHDWSDETSVKILRQIAAVMKPGYSKVLINDIVIPSTGASCYQAAMDCLVLQASANERTEAVWSKVIKDAGLKLVKYYPDGRGYESVIEAELP,2.1.1.387,GO:0008171;GO:0032259;GO:0044550;GO:0016114,1: Evidence at protein level,,A0A067Z9B6
A0A1D3PCM3,SST_EMEND,Serine O-succinyltransferase,CysA,Emericella nidulans,517,MSPLNGVARSLPRPFQAVARRPFRVAQPAVACPSNRRSFNHSRSLRSTGSQSPAPSPRDSSNPALSFPCLDAQEAKSALLSARSLGSGPEPSYTAGHHERFHSDEPLLLDWGGLLPEFDIAYETWGQLNEKKDNVILLHTGLSASSHAHSTEANPKPGWWEKFIGPGKTLDTDKYFVICTNVLGGCYGSTGPSTVDPSDGKKYATRFPILTIEDMVRAQFRLLDHLGVRKLYASVGSSMGGMQSLAAGVLFPERVGKIVSISGCARSHPYSIAMRHTQRQVLMMDPNWARGFYYDSIPPHSGMKLAREIATVTYRSGPEWEKRFGRKRADPSKQPALCPDFLIETYLDHAGEKFCLEYDANSLLYISKAMDLFDLGLTQQLATKKQRAEAQAKISSGTNTVNDASCSLTLPEQPYQEQPSASTSAEQSASASETGSAPNDLVAGLAPLKDHQVLVIGVASDILFPAWQQREIAETLIQAGNKTVEHIELGNDVSLFGHDTFLLDVKNVGGAVRKFLD,2.3.1.-,GO:0005739;GO:0004414;GO:0160210;GO:0009001;GO:0006535;GO:0009092;GO:0009086,1: Evidence at protein level,,A0A1D3PCM3
A0A1L9WQI2,VRCA_ASPA1,Bifunctional sesterterpene synthase,vrcA,Aspergillus aculeatus (strain ATCC 16872 / CBS 172.66 / WB 5094),710,MEFKFSAVVDPSTYQTQGLCDGLTVRYHKNTELEEIDCLRCQEHWREQVGPLGLYRGGLGHPWSGMSIAIPEALPERLGIVSYANELAFLHDDVTDIAKYYQGDEHNNDLKAAFDQVISTGTIKHAGSGKRALQAYVAKRMLSIDNDRAITSLKAWSTFLEKAGRQEDYRFKSEDDYLKYRVHDVGMLFWYGLLTFAQAITIPENELDTCHQLATTAYLHMALVNDLVSWDKERQSAAALGKDYVTNFIFVAMEEHAISEDQAQERCRREIQKATVDYLRVFEEVKARDDLSPDTKRYLESVLYSMSGNVVWSFHSPRYYTDASFSERQLEWMKNGIPKAQTSEGGASGVDQGEVKIHDRTINGHHAVTSNGTGTGSHDTLNGDGTAHENNSRDASIPGRTTNGISNSDTSLLSAVLQAPYEYITALPSKGFREHAIDALNVWFRVPAEKLAIIKSIITILHNASLMLDDLEDGSELRRGKASTHMIFGLGQTINSANYQLVRALQEIQKLGGPKSLLVFTEELHYLYVGQSMDLYWTSNLICPSINEYFRMVEHKTGGLVRLFGRLMALHSTNPVKVDMIDFSNRLGRYFQTRDDYQNLVSAEYTKQKGYCEDLEEGKFSLPLIHLLQTMPENHVLRNVWMQRRVRGTATHAQKETILELMKRNGSLQFTEDTLGILYGHLEKSIGELERRFGAENFQLRLIFELLRNG,,GO:0016829;GO:0046872;GO:0004659;GO:0046165;GO:0008299;GO:0043386,1: Evidence at protein level,,A0A1L9WQI2
A0A1Y1C7Q5,QNN1_EMEVA,Quiannulatene synthase,EvQS,Emericella variicolor,746,MASEVIVISDHARKEAGTVSVFPVLIHTDYARVIEDVRKVEDQFNSEMKTSIDTKTTADFPELGLAHVTAFTIPYCRPDRLSIMTRLTEITFFNDDYYDDAGVEKILDYNNHLRECFGGRAEDELTKASAVTKSKQLQASVLVEMHYIDSELARDMMLTYNRILEVTSLGKNAGLKSLDEYLPFRIGNSGIEVYQDMSCFGMGVKLTKEEKEKLDPIVIAAHNSTTLINDYHSWPKEVRKYFNEVQATGKADLPVNAVCIFMQTEGLSEQASRQRVREEIIAQQKSHLAMIQDLVEQEGPLPEKYYMYFKAAQYTASGSEYWAAITSRYPTKTELNQPEVIIVDGELKYESSEIQQTPKQIATTFNGIPESAKSIIESKVNGTSAHIPDIRHSPADGAQTHHLISDGQFREVINGHANVHTNGKANGTSQGEDLEVYEVTTGNFQRAPEDTVLAPYQYIASLPSKNIRNKFIDALNLWLGVPPLALSSIKRIVEYLHHSSLMLDDIEDNSTLRRGKPCTHMLYGNAQTINAANYAFVSAFAEVQNLQSPSAITIFIREVQNMHRGQSLDLSWKYHTHCPTVDEYMMMVDNKTGAMFRLCVQLMQAESSVPCQKITQSDFITQLGRYFQIRDDYQNLVSSEYTTQKGFCEDLDEGKISLPLIYTIMDSSPEASVVKGIFHHRLREGGLPLHLKEYILSQMEEKGALSATHSLLQKMQKELIEGLHRVEETFGSKNALVELMLRRLWV,,GO:0004311;GO:0016829;GO:0046872;GO:0046165;GO:0043386;GO:0016114,3: Inferred from homology,,A0A1Y1C7Q5
A0A2Z6AQX6,PVPS_TALVE,Preasperterpenoid A synthase PvPS,PvPS,Talaromyces verruculosus,778,MAATKKSTATAAHQIIPSQPTSMSADKFLFSCLQVFVLFFEWARSFLLSTQSRLSAVPAENARLEPSKPISEEEESVIEKPASSITPRYSNLVDPSTYNDLGLCSALPLRVHKFAHLADKGALRAQEDWKRLVGPIRNFTGCLSPRFNGIAVAVPECIPERLEIVTYANEFAFLHDDILDNVGKEEGDHENNEMAAGFGSVLNPADNVKMSASGKSQMQAKLILELLAINEPQAMVLLKCWEGLVKGESGSQHFNFQRLDEYLPHRVINLGQTFWFGIITFAMGLTISPDEAEKANNITDPAYATLALANDYFSWEKEYIEFKQNPTSDDMANAIWIIMKEHSVDLEEAKKICQDKIRESCEEYVRRHRQFEREATGKVSTDLLRYLAALEFSISGNVVWSQYTHRYNFHKPAAKENEDTDDEGAKSDDSKTTLNDSTDSTVVDVKTPATSGLLSSANDVLMSRTAKSLVGPILDVQLPELPDKVVLSPSQYVKSLPSKKVRHHAIDALNIWFNVPEAELEVIKEAIDLLHNSSLMLDDIEDDSPLRRGFPSTHVVYGISQTINSANYLYVMALEMTQRLNSPACLNVFIDELKRLHIGQSLDLYWTANVQCPSLEEYLKMVDYKTGGLFQMVAKLMALKSPMAGRVPDLSNMTTLFGRYFQIRDDYQNLMSEEYTNQKGWCEDLDEGKFSLPLIHSLTTKPNVRLQAMLHQRLINGKMTFEMKKLALDHLAETKSLEYTKEMLGYMYTQLQKEVDFLERQTGSENFLLRLLLKRLQV,,GO:0016829;GO:0046872;GO:0004659;GO:0046165;GO:0043386;GO:0016114,1: Evidence at protein level,,A0A2Z6AQX6
A0A8D5M3Y5,ESDPD_PENSH,Geranylgeranyl pyrophosphate synthase esdpD,esdpD,Penicillium shearii,383,MIQLPPTPLHDLNPAFHQEFSSMSWSALHAMPSTTSVGPSLKEVNTFSQHKSHSIFHHGAEIEQQNKFRQEKVIISAPLDYLGSLPGKDIRGKLISAFNEWFKIPEEKLEVIKRVVGLLHVASLLYVHEIQHTHFEPSLTKPSKSLYRIDDIQDSSKLRRGLPVAHNIFGVAQTINSANYAYFRAQSELFTLGKPQALDIFTEELLRLHRGQGMDLYWRDSLICPTEEEYLEMVANKTGGLFRLAIKLIQLESENTMDCVPLVDLLGVIFQIRDDYQNLQSDQYAKNKGFGEDITEGKFSYPIIHSIRKDNGNSQLMNILRQKTEDEDVKRYTIQIIESTGSFEYTRQKLISLTAQARALLKSLGVDQSSGLASILEFLELKQ,2.5.1.-;2.5.1.1;2.5.1.10;2.5.1.29,GO:0046872;GO:0004659;GO:0046165;GO:0008299;GO:0043386,1: Evidence at protein level,,
A7XRY3,TDIB_EMENI,Indole prenyltransferase tdiB,tdiB,Emericella nidulans (strain FGSC A4 / ATCC 38163 / CBS 112.46 / NRRL 194 / M139),419,MATEYWSRHLRSVLAPLFAAAGTYSPEDQESHLAFIDEHIAPNLGPLPWEPHGPYSTPSSLVGSPFDPSINIVSSGKAKVRFDFDVISPPDRTGPDPFAEGSAREILHRLADLVGADTQWMGYLMDALYLTPAEAEVAKTKLPPGVAIPPSSVGFDFDGPERTLKFYIPSVRKALATGQDVSELMLKTLRGLQPLGSELVPAMDLIASYLSTRTNDAMLPLVGIDCLDPRTHKNARVKCYLHTSSNSFAVVRDVLTLGGRLSDDTSLKRVETLKSVWPLLINELEGPQSDAATMDESWSKPERLNRTGYSGIQYTIEITPGQAIPDTKIYVPLFQYTDSSEVAERNFESALKKLGNEWGLSGKYRSVMQEIFKDVENYGQTYASFSYTEGKGVYTTSYVAMPIKDEGGGSLAGDFGFRN,2.5.1.-,GO:0004659;GO:0044550;GO:0045461;GO:1900796,1: Evidence at protein level,,A7XRY3
A7XRY8,TDID_EMENI,Aminotransferase tdiD,tdiD,Emericella nidulans (strain FGSC A4 / ATCC 38163 / CBS 112.46 / NRRL 194 / M139),436,MGSIGANNAVADPTPLFSSRVQKWEPGAIRSLLPLEALPGMISLVAGKPSPETFPIAEIAISLKDTPAGTGRIVVDGDELNQALQYGLPRGNAQLIQWFESLQRSVHGLDENGGWSCCIGNGSQELIHRVIQVFTDPGDPVLLETPAYPGVAGFLRADGQELIPVYSDAQGLNPASLEQALSEWPGDSPRPKVLYTTPTGSNPTGQSCTESRKAEILRLAKRFNFIILEDDAYYYLNYGDDKQRARSYLALERDVNGESGRVVRFDSLSKIVSPGMRLGILTAQAAVVDKVVRITENINLQPSSTTQLLALSLLRHWGQAGFLKHCAEAAEVYRRRRDVFVSAAERHLQGRATWVVPTAGMFVWLELKLPPEMDSFELLKSQGMKNGVLAIPGVAFMPGNEQTCYIRVSFSLVPERDMDEACRRIAGLVDRCACHS,2.6.1.28,GO:0070529;GO:0030170;GO:0008483;GO:0047299;GO:1901605;GO:1900796,1: Evidence at protein level,,A7XRY8
B0XWK7,HASE_ASPFC,7-dimethylallyltryptophan synthase hasE,hasE,Aspergillus fumigatus (strain CBS 144.89 / FGSC A1163 / CEA10),472,MSIGAEIDSLVPAPPGLNGTAAGYPAKTQKELSNGDFDAHDGLSLAQLTPYDVLTAALPLPAPASSTGFWWRETGPVMSKLLAKANYPLYTHYKYLMLYHTHILPLLGPRPPLENSTHPSPSNAPWRSFLTDDFTPLEPSWNVNGNSEAQSTIRLGIEPIGFEAGAAADPFNQAAVTQFMHSYEATEVGATLTLFEHFRNDMFVGPETYAALRAKIPEGEHTTQSFLAFDLDAGRVTTKAYFFPILMSLKTGQSTTKVVSDSILHLALKSEVWGVQTIAAMSVMEAWIGSYGGAAKTEMISVDCVNEADSRIKIYVRMPHTSLRKVKEAYCLGGRLTDENTKEGLKLLDELWRTVFGIDDEDAELPQNSHRTAGTIFNFELRPGKWFPEPKVYLPVRHYCESDMQIASRLQTFFGRLGWHNMEKDYCKHLEDLFPHHPLSSSTGTHTFLSFSYKKQKGVYMTMYYNLRVYST,2.5.1.80;3.4.11.17,GO:0004177;GO:0050364;GO:0009820;GO:0006508,1: Evidence at protein level,,B0XWK7
B9WZX2,FTMD_ASPFM,6-hydroxytryprostatin B O-methyltransferase,ftmMT,Aspergillus fumigatus,342,MTQAVDIGTIQTLIRLEVPDQVPLTGSIPYDALVKKLKTPVDPELLQRLIRFTRLVGFLDEDAEGAVKHSPMSAIFVNDPDTAGQARFMADFGIRPCSFIYESIKLDPSGEAARQGPLALMAREPGAREGPTFFEVLEKDPVNRKRWHDGMAVHNDSMVRHVAGAYDWGTVQSLVDIGGSEGHVAAVIVNAFPHIQITVQDRPEIIEKARQRGDRHPNIIFEEHDFFTPQPRIADAYFLRLILHDWNDADCTRIVRQISSALRPGARLLIMDAVLPEPGEGSLQSERRLRRSDIGMYTLFSAKERSLAQMRRLVEDCDSRLRFEKLYTPPGSHASMLSWICE,2.1.1.293,GO:0008171;GO:0032259;GO:1902181,1: Evidence at protein level,,B9WZX2
C8VE82,AUSD_EMENI,Methyltransferase ausD,ausD,Emericella nidulans (strain FGSC A4 / ATCC 38163 / CBS 112.46 / NRRL 194 / M139),282,MIAMQPETQLKTALKNGFDPNILYKDPLTIVKEPMCTILEKHSKIPVDKVVSHVNKVRDRAFAVFPYACIGQFSFVELSIAASPYYPEMLERVKNGHKLLDLGCAFGQELRQLIYDGAPGESLYGSDIQQEFLNLGYELFLDRATLPESHLIASNILDRQSPLFTHLTGKLNIVYISLFLHVFDFEQQITVAGNVLDLLAAEPGSLIVCRVTACRDQGVLNATAERMPYYYHDRASWEQLWEVVQKRTGVKLCVDTWEQPDELVKKHPLPGIYILGSAIRRV,2.1.3.-,GO:0008168;GO:1900560;GO:1900563;GO:0032259;GO:0016114,3: Inferred from homology,,C8VE82
C8VPT2,EASC_EMENI,Acyltransferase easC,easC,Emericella nidulans (strain FGSC A4 / ATCC 38163 / CBS 112.46 / NRRL 194 / M139),479,MEETNVKLSVPLSEDVIKLSALDQQIMRFYAKAVFIFERDSSKTSIDIVHHLKQGLAVTLSEIPDLAATIAPVPNSHRKDLELRIGPNSGVPFKVVDQTKQESWVYGTYPDLAAKHFPTSDIPHDILFIPQPQPSADGLPAAFLQVNIIDGGVIIAISWHHSVCDARGISILIDAWARHTATSLANGKPDLPATPAEGSRDRWRLDHGLREVTIDQLPEYTIDSSAREDPSGSYLLDRENPVTVPYSVSTWYFSASSLKALRDALAQVENDESTQFTKVEAVSALVWKHMSIARQLDRSNPDGSSLFTTRLDFRARTKPPFPDTFIGNINEPTARVRLPIAEICRASTPESLTTLAEAVRAATENTTEQSMRTLIGLVNDAPAVTDVAWKYNYFPGPDLGVTDISNIDAMKKNWGAGLGTPTCVRSYSRETGLLYLFPQDDDGGFEIQVQCEVEAVERLKADETFTRYCEFKRASAYNA,2.3.1.-,GO:0016746;GO:0016747;GO:1900617;GO:1900557;GO:0035837;GO:1900809,3: Inferred from homology,,C8VPT2
C8VRV0,PLMT_EMENI,Phosphatidyl-N-methylethanolamine N-methyltransferase,choC,Emericella nidulans (strain FGSC A4 / ATCC 38163 / CBS 112.46 / NRRL 194 / M139),202,MTTLSDYVDFSQDSFKYAALSIAFNPIFWNVVARAEYRSHFLTRIFGSPYRGCYFLAITIFSLGILRDHIYQQALEDQPYYAPVHQPVLGGALFAVGSVLVLSSMYALGVTGTYLGDYFGILMDAPVTGFPFNVTGSPMYWGSTLNFLGVALYKGKVAGILLTALVFVLYWFALKWEDPFTAEIYAKRERERAKSKRGGKNQ,2.1.1.71,GO:0005789;GO:0031966;GO:0000773;GO:0070791;GO:0032259;GO:0006656,3: Inferred from homology,,C8VRV0
D4ATC3,GAS1_ARTBC,"1,3-beta-glucanosyltransferase ARB_07487",,Arthroderma benhamiae (strain ATCC MYA-4681 / CBS 112371),545,MKFSSLAAATALVAGSVVAADLDPIVIKVGVRSALIPGWPKGGSKFFYKSNGTEFFMKGIAYQQEFSTNGTSSDKNNYQDPLADVESCRRDIPLMQQLQTNTIRVYAIDPKKDHKQCMKLLQDAGIYVVADLSEPSTSIIRDDPKWDDVLYTRYTSVVDELAQYSNVIGFFAGNEVSNNSTNTDASAFVKAAVRDMKAYIKQKNYRSMGVGYATNDDAEIRKDMTAYFNCNKQEESIDFWGYNIYSWCGDSSYTESGYDKVVEEFKTFNVPVFFAEYGCNEVQPRKFTEVQALYGDKMTPVVSGGIVYMYFQEENDYGLVKIEGGKPKKLPDFNSLQKQISKIKPSGVQMDSYKPTNTALSTCPKSSTWKASVKLPPTPNKDLCSCMVKSLSCVAKPSVTGKELGKLFGTVCGSDKDACKGITADATSGTYGAYSMCSPSEKLSFAFNQYYQHQSAKGNGANACDFGGAATAQKSEKPSGSCANLVDQAGQDGTGSVTSAPGSGGNKPDQGAASTISAPSVNLGIVKLGAYIFCAVLAGAGMILI,2.4.1.-,GO:0005576;GO:0005886;GO:0098552;GO:0042124;GO:0071970;GO:0031505,1: Evidence at protein level,,D4ATC3
P11803,OTC_EMENI,"Ornithine carbamoyltransferase, mitochondrial",argB,Emericella nidulans (strain FGSC A4 / ATCC 38163 / CBS 112.46 / NRRL 194 / M139),359,MASLRSVLKSQSLRHTVRSYSSQTMPPASPFAPRHFLSIADLSPSEFATLVRNASSHKRAIKSGSMPQNLQGSLLGKTVAMIFSKRSTRTRVSTEGAVVQMGGHPMFLGKDDIQLGVNESLYDTSVVISSMVSCIVARVGKHAEVADLAKHSSVPVINALCDSFHPLQAVADFQTIYEAFTPKAHHLSSLGLEGLKIAWVGDANNVLFDMAIAATKMGVDIAVATPKGYEIPPHMLELIKSAGEGVSKPGKLLQTNIPEEAVKDADILVTDTWVSMGQEEEKAQRLKEFDGFQITAELAKRGGAKEGWKFMHCLPRHPEEVSDEVFYSNRSLVFPEAENRLWAAISALEGFVVNKGKIE,2.1.3.3,GO:0005759;GO:0005739;GO:0016597;GO:0004585;GO:0042450;GO:0019240;GO:0006526,2: Evidence at transcript level,,P11803
P22360,KPYK_EMENI,Pyruvate kinase,pkiA,Emericella nidulans (strain FGSC A4 / ATCC 38163 / CBS 112.46 / NRRL 194 / M139),526,MAASSSLDHLSNRMKLEWHSKLNTEMVPAKNFRRTSIICTIGPKTNSVEKINALRRAGLNVVRMNFSHGSYEYHQSVIDHAREAEKQQAGRPVAIALDTKGPEIRTGNTVGDKDIPIKAGHEMNISTDEQYATASDDQNMYVDYKNITKVISAGKLIYVDDGILSFEVLEVVDDKTLRVRCLNNGNISSRKGVNLPGTDVDLPALSEKDISDLKFGVKNKVDMVFASFIRRGSDIRHIREVLGEEGREIQIIAKIENQQGVNNFDEILEETDGVMVARGDLGIEIPAPKVFIAQKMMIAKCNIKGKPVICATQMLESMTYNPRPTRAEVSDVANAVLDGADCVMLSGETAKGNYPCEAVTMMSETCLLAEVAIPHFNVFDELRNLAPRPTDTVESIAMAAVSASLELNAGAIVVLTTSGNTARMISKYRPVCPIIMVSRNPAATRYSHLYRGVWPFYFPEKKPDFNVKIWQEDVDRRLKWGINHGLKLGIINKGDNIVCVQGWRGGMGHTNTVRVVPAEENLGLSE,2.7.1.40,GO:0005737;GO:0005524;GO:0016301;GO:0000287;GO:0030955;GO:0004743;GO:0006096,3: Inferred from homology,,P22360
Q0CRW6,STTA_ASPTN,Preaspterpenacid I synthase sttA,sttA,Aspergillus terreus (strain NIH 2624 / FGSC A1156),773,MDTISDVMKHCVPINYDDYDPLPADHFSTYPVFCSKATAEAIEASAEFTRKWKRACEVDGLHQDKLNFQACTTHLGHYNQWAYPDCLPERVSLNAVLSDCAFFWDGMSPVTGRSTNVMITSPVDVSDSISAEKMNELTQDFGIAMLSELQSGRRIEPRFEINKMAVQVIRDFIAVDPFTGIGHLKEWKGHLDAQEKSTHNNMSWEKYVEHRVNESGGNWGISVGCWTNDIRISDEEKESVKYLTQLACAGGILGNDYYSFPKEFDEHHRSGTLDRLQNGVALLMREYGYTEEEAKEIIKKEVIIREKKWMDGFDAWSRQAGPETGEIRRYLVMTMALMSGSMFWMSHAGRYHRTDLATTAEDRATLIGKSRGALRVLAGYPPPKNLEGIVREPLASAVQDDNGHVQHKDAVADSSVRNGVHHAFKKRNSRNGKQNGTEGSKSTFTNGNYVQPAKLQQHGTSINSMAIYTAPFQEAAGDICDAPYSYIDSLPSKKNRNKLLDLLNDWLQVPPSSLKRIKNIVHMLHNSSLMLDDIEDASALRRGQPATHTFYGISQTINSANYVYVHAVHEVTRLYNPDADELRNLHRGQSLDLYWRHHARCPSMEEYIVMVDNKTGGLFRLMLRLMTAESSISRPLDTALCRLLTLTGRYYQIRDDYLNLASADYESKKGFCEDFDEGKFSLPLIHLLSHTRYPDRITSALFNRKPGTNLPYEMKRYILAEMEEVQTLAYSQDVLKYLHEELMHALDETENRLGANDGIRMMLLGMGPKLLLC,,GO:0004311;GO:0016829;GO:0046872;GO:0046165;GO:0043386;GO:0016114,1: Evidence at protein level,,Q0CRW6
Q1EBD3,BUD32_COCIM,EKC/KEOPS complex subunit BUD32,BUD32,Coccidioides immitis (strain RS),287,MTEEFTPPPLPPPFTSNKTPPVLLAQGAEARLYKTDFLNPSFPAALKFRPSKPYRHPILDRRLTRQRVLQEARCLVKLLKEGIPVPGVLSVDWNTGQGEDETGNGGAWLLMEWIEGPAVRQVVNHWEKWMKHCESATKGNNSGMNENFERSAEEDIRSLLRRIGRVIGALHKAGVIHGDLTTSNLILRGQSNENTTNIDPHSTTLKPNLEGEIVLIDFGLASQSVQDEDRAVDLYVLERAFGSSHPRTEIFFDEVLKAYRESFKGASSVLETLKKVRMRGRKRSMVG,2.7.11.1;3.6.-.-,GO:0000781;GO:0005829;GO:0000408;GO:0005634;GO:0005524;GO:0016787;GO:0106310;GO:0004674;GO:0008033;GO:0070525,3: Inferred from homology,,Q1EBD3
Q4WB03,PSOE_ASPFU,Glutathione S-transferase psoE,psoE,Aspergillus fumigatus (strain ATCC MYA-4609 / CBS 101355 / FGSC A1100 / Af293),237,MVFGTLYTFPGDQCRTIAIKAVAKANGLDLDIRETPRTPDHLSISKLGKVPAFQGADSFKLFECMAIALYITSQNEQTTLLGKDKKEYAEIIKWMSFFNTEIVILMTQQLLPQLGVIPYDRDQVEFFANMTQRSVDVVEEYLQDRTFLVGDQLSLADLFCAGNISLGFQFFYGKAWRQQNPNVSRWYEMVCHQPIYAAVTDKFQLLDEPKLTNNPPEKKPETVPKNGAAVAIEATQA,2.5.1.-,GO:0005737;GO:0005634;GO:0016740,1: Evidence at protein level,5F8B;5FHI,Q4WB03
Q4WTN5,BUR1_ASPFU,Serine/threonine-protein kinase bur1,bur1,Aspergillus fumigatus (strain ATCC MYA-4609 / CBS 101355 / FGSC A1100 / Af293),580,MAIASLERDDHGNPRFRGCTSIRDFEFLGKLGEGTFGEVYKARSKKDGSIVALKKILMHNEKDGFPITALREIKLLKMLSHRNILQLKEMAVERSKGDGRKKPSMYMVTPYMEHDLSGLLENPAVNFTEPQIKCYMLQLLEGLKYLHGNRILHRDMKAANLLISNNGVLQIADFGLARPYDEPPPEPGKGGGEAKRDYTTLVVTRWYRPPELLLQLRRYTTAIDMWGVGCVFGEMFKGKPILAGSSDLNQTQLIFNLVGTPTEENMPGWSSLPGCEGVKSFGYKPGSLREVFKDQNPMAISLLEELLKLDWRKRINAIDAINHPYFSSPPFPARPGELPSFEDSHEFDRRRFRGQRGAIPPAPAGGSVDQQQTTEIAVFPVLHALAGSLHTGFKTILQSALLKTGMLYHMDLQTRGSRFQASLVQKIAACLLNLLCLLIHHGAWVIQIGRHVREVNAIISEDGPMGNWIHTSRLTVTLVDILEKGKAIVRVPLLIGVIWNSNTLMKGINRVILGTDVLQEREAGVLTFERLEQRIEHCTDDDKLVLVSTDAERLRQMNPVTLLVLNDSKFITHLLLSMTY,2.7.11.22;2.7.11.23,GO:0000785;GO:0005634;GO:0070691;GO:0070693;GO:0005524;GO:0004693;GO:0106310;GO:0008353;GO:0030643;GO:0032968;GO:0006368,3: Inferred from homology,,Q4WTN5
Q4WVH4,DOT1_ASPFU,"Histone-lysine N-methyltransferase, H3 lysine-79 specific",dot1,Aspergillus fumigatus (strain ATCC MYA-4609 / CBS 101355 / FGSC A1100 / Af293),502,MGFFDHLQKGGAFSLQAQKPQIRKVVQTRPPPPSRSSSHTPVRSLSQTSPPGRVKRPRDSTSRSVSRDPDHRPSKRLSTPLRNRKRPTPEQRFSSDDDASDTDTSFELRKRARTEDSAEPDLARRIRSLKAFSEENVKPLPLVHAADITSKQKAGNFRRAFGGADRPTEILLQYPSASLKERFNLVVPRDNDDFKPIDDIVHVIDIVSENYIPESEADFFNNESTGIKRRLRRALAHSSETEFREAVASYNREIERLRRSGAIAKHLDATHRLNLPLVERILTQIYARTVSPRVESLRRYENGTDNVYGELLPRFISTIFKETRLKSGHVFVDLGSGVGNVVLQAALEIGCESWGCEMMANACDLAELQQTEFRARCRLWGIAPGKTNLVRGDFLQEQSIIDVLKRADVVLINNQAFTPQLNNEIINHFLDMKEGCQIVSLKSFVPAGHKIQSRNLYSPINLLKVKQLNYWSNSVSWTDVGGTYFIATKDSSRLKAFADSME,2.1.1.360,GO:0000781;GO:0000786;GO:0005634;GO:0042393;GO:0031151;GO:0140956;GO:0000077;GO:0006281;GO:0032259;GO:0031509,3: Inferred from homology,,Q4WVH4
Q5BAE1,SSN3_EMENI,Serine/threonine-protein kinase ssn3,ssn3,Emericella nidulans (strain FGSC A4 / ATCC 38163 / CBS 112.46 / NRRL 194 / M139),426,MLGRNFPYFNSVGGFYSRENSRRQPGTGYTSKVRVRDKYHIVGFISSGTYGRVYKAVGRNGQGGEFAIKKFKPDKEGDIIQYTGLSQSAIREMALCSELDHANVVQLAEIILEDKCIFMVFEYTEHDLLQIIHHHTQPQRHPIPAAMVRSILFQLLNGLLYLHTNWVLHRDLKPANILVTSSGAIRIGDLGLARLFYKPLNSLFSGDKVVVTIWYRAPELLMGSRHYTPAVDLWAVGCIFAELLSLRPIFKGEEAKMDSKKTVPFQRNQMMKIIDIMGLPHRDNWPGIVHMPEYSQLQSLAMSRAPNHISRTSNLGSWYQNCLKNGGYSVNSSVGTPGDDGFDLLSRLLDYDPTSRITAKEALEHPYFKNGGPISANCFEGFEGKYPHRRITHDDNDIRSGSLPGTKRSGLPDDSLMSRAAKRMKE,2.7.11.22;2.7.11.23,GO:0016592;GO:0005634;GO:0005524;GO:0004693;GO:0046872;GO:0106310;GO:0008353,3: Inferred from homology,,Q5BAE1
Q9HG11,MPKC_EMENI,Mitogen-activated protein kinase mpkC,mpkC,Emericella nidulans (strain FGSC A4 / ATCC 38163 / CBS 112.46 / NRRL 194 / M139),415,MAEFIRSDILGTTFETTSRYANLQPVGLGTAGVVCSAYDLISEQVVAIKKMMKPFHSTSVAKRTYREVKLLRHLRHDNLINMSDIFISPLEDVYLVTELLGTDLHRLLNGKPLESKFAQYFTYQILRGLKYIHSAGVIHRDLKPGNLLINENCDLKICDFGLARVQEPQMTGYVSTRYYRAPEIMLTWQRYGSKVDLWSVGCILAEMLLGRPLFPGTDHINQFWLITDLLGNPPDEVIDRITTNNTRRVVKSMAKRNPRPLKEILPAAEDAALNLLDNLLVFDPDRRISAEQGLMHPWMAPYHDPTDEPVATEQFDWSFNDADLPLDTWKIMIYSEVLDFFQLTTNAEPSGEQSQNQSQSQSQAFTSSQDLQLASMLNLGEGELLPDFAATIDPNKFGSVDYLMDGQSLDPNSFS,2.7.11.24,GO:0005737;GO:0005634;GO:0005524;GO:0004707;GO:0106310;GO:0004674;GO:0071474;GO:0034599;GO:0007231;GO:0038066;GO:0051403,2: Evidence at transcript level,,Q9HG11
Q9HGZ0,PFKA2_ASPOR,ATP-dependent 6-phosphofructokinase 2,pfkB,Aspergillus oryzae (strain ATCC 42149 / RIB 40),775,MTNTILDTYSSRRKPRRIGILTSGGDAPGMNGAIRAVVRTAIQNGCEAWAIHEGYEGLIQGGAMMHPLYWEDVRGFLSRGGTLIGSVRCDRFREREGRLQAARNMVLFGIDALVVCGGDGSLTGADLFRSEWPELLNELVSTGVLTVAQVAPHQNLNIVGLLGSIDNDFSGTDATIGCYSALTRICEAVDAVFDTASSHRRGFVVEVMGRHCGWLALMAAIATGADWLFIPERPPRDGWEDDMCSIITKNRNRGKRRTIVILAEGAQDSNLDRISSSAVKDVLSKRLGLDTRVTVLGHIQRGGSPCAYDRWLSTLQGIHAVKAVLSMTPESPSPVVIIQENRIRTSSLAETVALTKEANASMHAKEFEKAATLRDPEFMEYHSAYRHLNTSDHPKMVLPEDKRMRVAIIHVGAPAAGMNPATRAVVAYCLTRGHTPIAIHNGFPGLCRHHDDTPGSVREMHWLESGDWINDGGSDIGTNAGLPLDDIETTAQCFERYKFDALFVIGGFEAFTAVSQLRKARKQYLAFRIPLVLLPASMSNNVPGTEYSLGSDTSLNTLVYFCDVVRQSASSSGHSVFVVEAQGAEYQATAAALAAGAMTVYTPERGITLQSLSNDIEYLRQQFSKDHGANRSGKLIIRNDQTSTIYSTTEIANIIKHEAKNRFDAQGVVPGHFQQGGKVSPIDRIRAFRLAVKCMEHLETFAGQSPEEIMNDENSATVISIKQSRILLLPMGGPTGVEATDTDWKRQRPKTQNWLEIQEAVDSLSGRSSLYAIPN,2.7.1.11,GO:0005945;GO:0005739;GO:0003872;GO:0016208;GO:0005524;GO:0070095;GO:0042802;GO:0046872;GO:0048029;GO:0061621;GO:0030388;GO:0006002,2: Evidence at transcript level,,Q9HGZ0
Q9P896,TCSA_EMENI,Two-component system protein A,tcsA,Emericella nidulans (strain FGSC A4 / ATCC 38163 / CBS 112.46 / NRRL 194 / M139),682,MLLNGQISALSLDDNDNGQQHQDEVQAKHQDQGHTCPSRPSVPSLSRIYRCTPVPTIVLDASMVIIEVSNSHVALFGKPRDSLLHTSISDVSPECIPVPNIPILYGALRAACSTREIQVVEHVVVGEKIAHNLRVTPVYEDETLLFVVLEVENLRAEVINNQHAYMNETYKILVDTVKDYAIFMLDPTGHIATWNAGAGVLKGYKAEEIIGKHFSILYSPADRDNGKPARALDVCLREGRIEDEGWRYRRDGSRFWANVLITPIYQFGQHVGFVKVTRDLTERKEAEACMIAAFEESSRLKTDFLANISHEIRTPMNGMQIALTMLTDTGLSEEQREHANIVQDSMSLLLQIVNDVLDYSKLSSGSFSLHADMLDIREIVGAVVRNCRSSLQEGVELDTEISPKLPTRMRGDPLRYRQVLQNLVGNAVKFTEKGSIHVKITSSTDEEDSDSSVVRTEVTDTGIGVPDSAINTLFTPFSRFANSAARKYQGTGLGLSICKSLAELMDGSVGYSPNPNASGSVFWFTAKMGGRSVTPPSKSPSVSGSPVPTEVASEMRSIAPRKHVLLVEDNIVNHTVMLKLLHTIGFQRIDGAWNGAEAVRMVRQKPLSYDIILMDVSMPVLDGLAATEQIRDMGLTMPIIAITGNAMKGDAETYIAQGMDDCICKPVHRDQLLRVLWKWFGT,2.7.13.3,GO:0005737;GO:0005524;GO:0000156;GO:0000155;GO:0004673;GO:0030437;GO:0048315;GO:0000160;GO:0075306,3: Inferred from homology,,Q9P896
Q9UQY0,AFLO_ASPPU,Demethylsterigmatocystin 6-O-methyltransferase,aflO,Aspergillus parasiticus (strain ATCC 56775 / NRRL 5862 / SRRC 143 / SU-1),386,MTGLDMEIIFAKIKEEYARTDDVGKRQIQGHIRELQVGFYSDWDVVMRLSSGPLQVALTKVGIDLGIFRSLKESDTPITLAEIVKKTGASPRLLGRILRTQAAFGLIKETGPQEYTSSAFTDVFANSDAAGAVVQLFDISGPCTQILPDFLAERNYQDITSNKDCVFQKAFGSDLTMFEWMPQHPKHMESLGHLMALERPVSWVDHYPVLEELGGFPAPDKVLMVDIGGGFGQQSKALRAKFPDLPGRLIVQDIPQTLANAQPAAGIEFMEHNFFEPQPIQNAKFYYLRHVFHDWPDEQCVLILKQIIPAMGPESQILIDEMVIPSTGVPWQAAFTDLLMMNSLGGVERTRAEWDDLMEQVGLEIIQSKVYDSKEQAILVAVPKRT,2.1.1.109,GO:0047145;GO:0046983;GO:0045122;GO:0032259,1: Evidence at protein level,,Q9UQY0
W6QIT8,MPAA_PENRF,Polyprenyl transferase mpaA,mpaA,Penicillium roqueforti (strain FM164),325,MVGSMENPGSWGLACLLISTSRFNRYMPYYTMMAAVWSTLIAGALKLQEDPASLSVEYILFKAGLCFVHCLLLCGAGNTWNDLIDRDIDARVERTKMRPLASGKVSTVEALVWMVGQYFLSVKMLDLILDNRSIWGLMLPLTASIMLYPYLKRPVFSRVFIYPQYILGLAVAYPSITGWASINGQEQSMSEIFTHCTPICLLIFFWCLYFNTAYSHQDSVDDRKMNINSAYVVAGQRIRLFLAFLGALPLAVIPYVVLKINSPWLWFSWMAVWTVSIVMQIVRFDSKKLESGGRIHWDNFLLGLWTTVACIVEVGLQKVEFWNLI,2.5.1.-,GO:0005794;GO:0000139;GO:0005886;GO:0004659;GO:0140722;GO:0016114,3: Inferred from homology,,W6QIT8
A0A017SP50,ECPT1_ASPRC,Echinulin prenyltransferase 1,echPT1,Aspergillus ruber (strain CBS 135680),417,MPSEVLTSYYDYPTHDQEAWWRDTGPLFGRFLKGAGYDVHTQYQYLVFFIKNILPSLGPYPARWRSTITPTGLPIEYSLNFQLNSRPLLRIGFEPLSRFSGTPQDPYNKIAAADLLNQLSKLQLHEFDTQLFNHFTNEFELSKSESESLQKQGGINGKSTVRSQTAFGFDLKGGRVAVKGYAFAGLKNRATGTPVGQLISNSIRNLEPQMHCWDSFSILNSYMEESDGWNEYSFVSWDCVDIERSRLKLYGVHNAVTWDKVKEMWTLGGRIENNATIKTGLELLQHMWSLLQINEGDRDYKGGFAADNGGKTLPIIWNYELNKGSPHPAPKFYFPVHGENDLQVSKSISEFFTHLGWQDHARQYPHLLRQIYPNQNISQTERLQAWISFAYNERTGPYLSVYYYSAERPPWGSDQVK,2.5.1.-,GO:0004659;GO:0009820,1: Evidence at protein level,,A0A017SP50
A0A0C1C2W0,UCDE_ASPUT,Prenyltransferase ucdE,ucdE,Aspergillus ustus,457,MDTQPQSNHPSVISAQLTPYDALDLAFTFEDRHQHEWWKRAGPVLGLTMRHARYDLNKQYQYLAFFARQIIPLLGPFPESAGSDYQRGFIPLEVSQNFQQSGTTVRLCFEPRTYSGYAIAKDPFGDLLVQEVVAKLGQVRGVKVDLQMFRQLASILNLTKDEEEELYQPACYENLPPTFKIQNIVGIQLPRSGNITLKADWFLSAKSLVSTIPITELSFEAIRTVDQGKNLFTPGLRPIEEYFRSMEMQPASPSHPRTTEFNAIACHLDDSTNARLKIYLSERLLKFDRVADIWTLGGRLKNCPGISQGLELVRALWSILQIKEGHHFPLAVNSLMMKGGDPASLAAAEKEDYPETQFFDEQFLVLNFEIRPGDPWPQPKIYFLLTELADNKVADAVVALFNRLGWVEEASRYKENLAAYYPHRDLDKTSGLQRFLSFSYSAKNGPYTSVYHWGIGG,2.5.1.-,GO:0004659;GO:0009820,1: Evidence at protein level,,A0A0C1C2W0
A0A0E3D8M5,JAND_PENJA,Indole diterpene prenyltransferase janD,janD,Penicillium janthinellum,438,MGSHEVELRPWQSLAAGLGFSSPDEEYWWTAFAQPLNQLMEWADYSIAEQYRVLAFLHRYVIPTCGPKPYRNGEQYWKTFMGFDHTPIQVSINFYNSKATVRTANIPICALSGSALDPINQKATADTLKAQKHLAPGNDLRWFEHFAKAFFLPNDEAHLINAKVSDRVLAMQGVQGMLSYDFPPNRTQTKVAMSPIWKHIETGRPIGDLMIQSIKDLGDEATGYMQSLQVLEEFIESEAAKDAGVSPAFFAFDTNLSENYKSSRIKIYLATPRTAFNRMVDIFTLGGRLNGPEMDRATQALRLLWSSVINVPEGLLDNDDIVPKNPHRCACVIFNFEIWPGASVPTPKIYLPAAYYGKPDLEIAEGMDVFFKSQGWNQPFHSYTDNYAKAFLRDQKVTCRHHDISFSYKGEGAYVTAYYKPELDAFADAATWVPEIYK,2.5.1.-,GO:0016765;GO:0009820,3: Inferred from homology,,A0A0E3D8M5
A0A0E3D8N1,PENC_PENCR,Prenyl transferase penC,penC,Penicillium crustosum,342,MTTMLTTPLSGWSQLSLSYLTLTVGALALVVVLYISIDRFPAPRWLSKKYQLIGQKDPASTTSLECPYSYIRQIYGHHHWAPFVHKLSPTLQHDDPAKYKMVLEIMDAIHLCLMLVDDISDGSDFRKGRPAAHRIYGPSETANRAYFRVTQILNQTTTGFPHLAPWLMQDLENILEGQDLSLVWRRDGLKNFPTAPSERAAAYQRMASLKTGSLFRLLGHLVLEDRSMDDTMTLVAWYSQLQNDCKNVYSTEYAKMKGAIAEDLCNGELSYPIVLAMNAPDGHWVELALQSPSPRNVRNALRAIRSDNVHQMCMAELAESSSSIQDWLALWGRKEKLDLKST,2.5.1.-,GO:0016020;GO:0046872;GO:0004659;GO:0046165;GO:0008299;GO:0043386,3: Inferred from homology,,A0A0E3D8N1
A0A0F7TQP2,AUSP_PENBI,O-acyltransferase ausP,ausP,Penicillium brasilianum,482,MEVVRYFTRNQKQLPATGPNDSIVQLPDIPPCYECNVEVALRFDSSLDSEKLQQSLKQLLEIGNWRQLGGRVRRRDTNPSACNYDLHVPAEFTTERPAFNYQIWELSGAIDEHPTASKMPRPTDPKKVSFYNVGDARSPLRTRTRYPRKAQEWADSDLPPLSFEQLSFRDGTIILLVFPHILMDATGYGLFLKAWTSVLQGRIDHVPQCCGFSESTTDMLGHKTPAGAFTWHNHLLKGLDSLKFTAGLLWENRWGKEDRVIRVPAKFIMHTRDKVLADLSTSQPSPFVSQSDVLIAWFTRVVLAALKPLQRRTLVLTNAFDTRHMLPPERAYLQNSVCMAHTMLPVGEVLYNPVSFLANEIRRSLVRERTEEQIQARCAWAKDVGIMPLLGTSDMLLCNVSNWSKGNLVDLDLCHAAVTEHRGPCVPSSILNCSQMGGVTPNYGIILGKDSQDCWWMQWHLPKFCWAGIERELDTINQIRWE,2.3.1.-,GO:0016746;GO:0016114,3: Inferred from homology,,A0A0F7TQP2
A0A0F7TXA1,AUSN_PENBI,Polyprenyl transferase ausN,ausN,Penicillium brasilianum,316,MPTKGDYQPPKNGILSKLPESTVPYGELLRIHRPLGYYLNISPYVVGVAYTAAISPVTLPATFLLGRLVILSLWGFCIRSAGCAWNDLIDMDIDRQVSRTKLRPLPRGAVSPSGAALLTAFMFGCGGSLLLLLPSQCAFEAAIVVFFALLYPFGKRFSDHPQLILTNIAWAIPMAMSSLDMNPLDFPIPTLAMSFSIASVIVMIDIVYACQDAEEDKKVGARSMAVRYMEITDQIAYSLFFSGTLSLLAGGILRGLGIPFLIFSVGGHFVGFLRFLRASLGNGAKSALVESRAKSSCLLATVFLVFGLFFEYCVRL,2.5.1.-,GO:0005743;GO:0008412;GO:0016114;GO:0006744,3: Inferred from homology,,A0A0F7TXA1
A0A0U5CNN8,DRTE_ASPCI,Acyltransferase drtE,drtE,Aspergillus calidoustus,308,MSFAFSKVEFEEVEFQTLDKLTLKARLYSAAKRGPALVMNPGYNCTKEISAPSAAAYFQSKGITCLIYDPRNCGQSDGTPRREIDPHRQVDDYLDAMTYMSGLDIVDPDQIGFWGVSFSASIALAAACYDPRAKCIITVSPWTFDFGITAAEAKDNFSRLVAEREAQALGNEPFYTAMVDEEGNNPIHVNVDWGDEVRAAVNEFVSLSADGFVPTVTFQSYYKLFTFSPYLSLKFLGDTPLMMVVPEHDTVCPVEQQVKLYDAVEGPKEIYHAEGKRHLNMLAEDKFFEPMMKPQVEFFFKVMRGEAI,2.3.-.-,GO:0016740;GO:0016114,1: Evidence at protein level,,A0A0U5CNN8
A0A0U5GFQ6,AUSD_ASPCI,Methyltransferase ausD,ausD,Aspergillus calidoustus,279,MHPDAQLKAAVKNGFDPNILCQRRLTVVKEPVRTILEKQGTIPADKIVDHVNELRDRAFAVFPYACIGQFSFVELSIAESPYYREMLERVKKGDLLLDLGCAFGQELRQLMFDGAPPTNLYGSDLQQEFLNLGYELFLDQPIFPESQLIAADILDKKSALFVRLQGKLNIVYISLFLHVFDWDKQVTVLENVLDLLAATPGSLIVCRVIACRNQAVLNKTHERMPYYYHDLASWNKLWEEIRTRTSLRLAVDVWEQPDDLVKKHPLPGIYVLGSAIRRH,2.1.3.-,GO:0008168;GO:0032259;GO:0016114,3: Inferred from homology,,A0A0U5GFQ6
A0A142C7A4,PHNF_PENHR,Prenyltransferase phnF,phnF,Penicillium herquei,444,MSAPTQTTPVFKALTEASFSDSSLSEEAKQNALYWWNTSANDLARMLHQADYSEEVQRGFLSYYRDNICPRLGGKPDKDSADSGVGWDGNPLEYSFELKGSTKKKSVRFVVDLTELRPADHSNPLSMKHTQEMVDLLAEKTPNFDDTWYKVLKNWFVYAHLTPEEQTALIAKAGQQTSVIIGFDIYPKLTSPDQLPVMGKVYFPPCYVASDKGISRWQAVRQGIQSLPGVESFPNILSSTEIINDYLSEKPDSWQMGTRYLATDLVSPNKARFKVYMRCFDTSFEGIWDYYTLGGRIPNLDEDREKFRQLMDLVSGTTYAETRSKDDMQMGRFTSATGKLTAIYFNISPDNPYPAPKLCIYPSNFAKDDEVIAKGLDEWLEKYGWSDDTKSMEDQVKSVFDHRKLEETTGIFTFIGIGRKEDPTKKELSIQVYMTPELYRTPRY,2.5.1.-,GO:0016765;GO:0009820,1: Evidence at protein level,,A0A142C7A4
A0A1B2CTA7,PENC_PENTH,O-methyltransferase penC,penC,Penicillium thymicola,398,MTVGSQVVHDEPTILIAKLHALEPRLKDKNDHQARKECLRISKALTSQVEEPDNVAVSLAFSPVIALSARVAIDLNLFALVVQHGPVASASLAALSGAEELLIIRIMRLMSTAHLVEETAARTWSATRITKAMAREEIAAGHRFNSQVVVPAIQSAPDFFRENGYSCPTDTRKGLVQYALKTEQTAFDYIISNPSMLKDFNLFMGNAMGARKFWLDWFPVQSKILDGADPEKALIVDVGGGRGHDLIAFHKQFPNAGRLVVEDLPAVLEPLGEFSAFIEQVEHDFLSGEQPVKGARAYLCHHIMHDWPDSYCLRILEGIALAMTPGYSKLLLHEIIVPEQGACDFQAQSDITAMVCNGGMERTKQQFHTLLKAAGLSVVQIWESADEGGDGIVEAMKV,2.1.1.-,GO:0008171;GO:0032259;GO:0044550,3: Inferred from homology,,A0A1B2CTA7
A0A1U8QNM5,SMTB_EMENI,Sphingolipid C9-methyltransferase B,smtB,Emericella nidulans (strain FGSC A4 / ATCC 38163 / CBS 112.46 / NRRL 194 / M139),510,MSEEKKSVELSGDIDFIETPPAKASQFETGEDCGIEVTKAAAIPNPPLAVDGPGNESFSNYLLGGTLVGLPAFLTWFFGGGAKTFVFFFLLSVLPVLVAFWTYASTFSPRTNEKVKLPGRPVEHYITFKREEDKAKWHGKNKIPMQTFAEMYLDGLVDFNGDTLDVMEYRHDWANFSFTWDLFKFIVGTFFVDVLFHTKAQDEEQVRPNYDSGNDHYAWFLGPRMIYTSGIISDPEKEETLEEMQDNKMAIVCEKIGLKEGETMLDIGCGWGTLARFASLNYGAKVTGLTIAENQTAWGNDALRKAGIPEEQSKILCMDYRDAPRTKFDKITQLEMGEHVGIRRLTGFFRQCYDMLKDDGAMYVQLSGLRQAWQYEDFIWGLYLNKYIFRGADASTPLWYYVKCLEQAGFEVKGIDTVGVHYSGTLWRWYRNWVGNVEAIKAKYGPRWYRIWELFLAWSVIASRQGSATCYQMVVVKNLNSTHRINGVASQFGLAGALAASRAAGKSRLP,2.1.1.317,GO:0016020;GO:0008168;GO:0006679;GO:0032259,3: Inferred from homology,,A0A1U8QNM5
A0A1U8QXK4,PBCD_EMENI,Glutathione S-transferase AN1595,,Emericella nidulans (strain FGSC A4 / ATCC 38163 / CBS 112.46 / NRRL 194 / M139),266,MNTLNAPRNPTRHPAMTADTLVDAPALPHQNGSTEEKLKERGSFGKLYTYKRSPRALGIQAVAKSIGLELEQVELQPANGVPDFYWNLNPLGKTPTFVGADGLVLTECMAIALHVTNEDSTTTLLGSSSLDFVQIIRWISFTNTDVVTRMASWVRPLIGYTPYSKEEVLKAQQQTTQAIGVFEDSLRDRKYLVGDRLTLADIMCVSLVSFGFAQIFDKEWREAFPYFSGWYMMVMHLPIMKAVVEEVPFVEEGLPNAPPTEPFRAP,2.5.1.-,GO:0005737;GO:0005634;GO:0016740;GO:0016114,2: Evidence at transcript level,,A0A1U8QXK4
A0A1U8QYZ5,SMTA_EMENI,Sphingolipid C9-methyltransferase A,smtA,Emericella nidulans (strain FGSC A4 / ATCC 38163 / CBS 112.46 / NRRL 194 / M139),517,MTNIHPESPEDFEFIETPAASCTTPADDCGVRTTSYPAIKNAPVPADAAGSDSFSNTLLILLLVVIPWYTARQIGGGLKTTIFFAIFTTIPILMAFWSIASSISPRKNEKAKYAGRPVEHYLHFHSEHDRATYRGKSKIPMEVFYEKYFAGEVDFKMDALEALEFRHDWANFRFTMGLFKHFLFGFIPELLVHSRSQDEEQVRDHYDRGDDFYAWFLGPRMIYTSGIISDIKKEETLEQLQDNKLAVVCEKVGLKPGDTVLDLGCGWGTLAKYASVHYGAQVTGITLGRNQTAWGNKGLRAAGIDESQSRILCMDYRDAPRVPGGYKKITCLEMAEHVGVRHFGSFLAQVNEMLDDDGVFFLQIAGLRKSWQYEDLIWGLFMNKYIFPGADASTPLGFVVDKLEAAGFEIKGIDTIGVHYSATLWRWYRNWLGNGEKVKAKYGERWYRIWEYFLAYSTITSRQGGATCWQITLVKNINSTHRVEGINSQYGLTGAREAAIASVGKGSLPSAHVTFKA,2.1.1.317,GO:0016020;GO:0008168;GO:0006679;GO:0032259,3: Inferred from homology,,A0A1U8QYZ5
A0A1V6PAA5,CALH_PENDC,Methyltransferase calH,calH,Penicillium decumbens,366,MATEKTPDWKIVDLQWAPDLGPVPVQDAMRPTRESQGEQEMIARMWVMCAIQMQDKLCAAKCTKQHFERYRSWLTAEYERFKQPGYPQVPDSRELVDMSNDARLAAMNKLREGVKNTYMWPVIEGPWRVYDNVVDIVEGRVKLVKVLLQDGLLEKFYDWANGLSEVRPLFNRMGRSNSSLRILEIGAGTGGTTARALEGLKSDDGELLYSSYEFTDISPLFFDAARRRFEGYSNIEYRALDISRNAVEQGFEAGAYDLVIASNVLHATPCLVDTLKNVRLLLKPNGFLFNQELSPPGKYVDFMVGLLPGWWLGDADGRAEGPCIPPEEWHRRLEQAGFEGLHAVGFDSDPPYYYNANMIARPAVNA,2.1.1.-,GO:0008168;GO:0009058;GO:0032259,1: Evidence at protein level,,A0A1V6PAA5
A0A1Y0BRF7,ADRG_PENRO,Prenytransferase adrG,adrG,Penicillium roqueforti,316,MTRGNEKEEAPPQAKILGSFPTGIAPYAELMRVHRLLGFYLNTSPYLVGVAFCASISPTKIPITVLLHRTILLSIWSIFLRSAGCVWDDLIDMDLDSQISRTRTRPLPRGAVSPKNAFLLTVTLFACGGSVLIYLPWPCAVDCLIITFFALLYPFGKRFTDYPQITLVNIGWAIPMAMHSLGLDPLSQMKPTVCMFLFIGLVIIMIDVIYSRQDTEEDLKVGVKSMAVRFRESIELLSYSLLYASTGFLAMAGFFTGLGLSFFVVSVGGHFCGFWVLLKATRVGNSYGVESYAKSAFFLATLFWLFGFVIEYCLRN,2.5.1.-,GO:0005743;GO:0008412;GO:0016114;GO:0006744,3: Inferred from homology,,A0A1Y0BRF7
A0A1Y0BRG0,ADRK_PENRO,Methyltransferase adrK,adrK,Penicillium roqueforti,278,MHPDSQLETAVKNGFDPKSLYSTELTKVNEPARTILEQYSKIPAEKVLQHVKDLKDRAFEVFPYACIGQASFLELSIASSPCYPEMLDRVKKGDRLLDLGCAFGQELRQLIYDGAPSQNLYGTDLRPEFLELGLDLFLDRSFIKSHFIDADVLDDKSALVTQLTGELNIVYISLFLHVFDFETQIKVAKRVLDLLAPKAGSLIVCRVVACRDQAIGNATNARLPYYYHDLASWNRLWERVQEETGLKLKVDNWEQDDALAKKHPLEGIYMLGSSIRRE,2.1.3.-,GO:0008168;GO:0032259;GO:0016114,3: Inferred from homology,,A0A1Y0BRG0
A0A2D1VNJ8,PT1_ASPRB,Echinulin prenyltransferase 1,echPT1,Aspergillus ruber,417,MPSEVLTSYYDYPTHDQEAWWRDTGPLFGRFLKGAGYDVHTQYQYLVFFIKNILPSLGPYPARWRSTITPTGLPIEYSLNFQLNSRPLLRIGFEPLSRFSGTPQDPYNKIAAADLLNQLSKLQLHEFDTQLFNHFTNEFELSKSESESLQKQGGINGKSTVRSQTAFGFDLKGGRVAVKGYAFAGLKNRATGTPVGQLISNSIRNLEPQMHCWDSFSILNSYMEESDGWNEYSFVSWDCVDIERSRLKLYGVHNAVTWDKVKEMWTLGGRIENNATIKTGLELLQHMWSLLQINEGDRDYKGGFAADNGGKTLPIIWNYELNKGSPHPAPKFYFPVHGENDLQVSKSISEFFTHLGWQDHARQYPHLLRQIYPNQNISQTERLQAWISFAYNERTGPYLSVYYYSAERPPWGSDQVK,2.5.1.-,GO:0004659;GO:0009820,1: Evidence at protein level,,A0A2D1VNJ8
A0A2I2F2K7,CFOC_ASPCN,Methyltransferase cfoC,cfoC,Aspergillus candidus,401,MDPEVSKLLATVTSLGETVKKHASTDKESPASRESRRELLSAARQLTNELQNEGQIVEGYLYGTIDPLLLKMGIDLGIFRKLVDSSTPVTLGELMSVSGADEVLLARIMRGLSSIHAVREVGVELYEPNKVTRAFTTVKGQSGLDVFHNINHPGWQSLPECLRATGYRNPTDPAKMWFGRQFNGEPYFDWLGKRPELLSSFHRFMSTQRDGHAHWLDFYPFQQQLLPDFDAGDPDAVFMVDVGGSVGHEIQEVKRRYPGIPGRMVLQDVPATIARVDPENGMEAMAHDFFTPNPIKGARAYYLRNVLHDWDDDRCCVILKHIRDAMTPGYSVLLINEFSIPRKGACSFATHSDFMLMAINAAVERTEQQWYHLMKSVGLQIKKIWTLEPDTESLLEVTRVD,2.1.1.-,GO:0008171;GO:0046983;GO:0009813;GO:0032259;GO:0044550,3: Inferred from homology,,A0A2I2F2K7
A0A2Z5U367,OKAC_PENOH,Prenyltransferase okaC,okaC,Penicillium ochrochloron,429,MTVTKEAPEVMPFEGLTEEINLMSDNERVWWQKTGSMLSRVLSSADYTWKEQHKHLKFYAQVLLPHLGPYPQSFRSSITRSGLPFELSINYQQNGNPLVVRIGFEPLNALSGTPDDPFNQAPAAEVLSLLDQMHIPGFDSQIWDKAVEHHTVNHTEREALRDSDLGAGYIRSQTAYGFDLLRDGNIAVKGYSFPALKCQITGQSMAQMMAGLVADLAPLVDCSQAFAIVDEYLQDTGYDERAFFSWDFVEPSRSRLKLYTGSSSVTWGKLAEVWTLGNRVQNPTVARGLEYLRQLFDLIKLSDGQRNIVVAFDDRQDSSKETPLLWNYEMRAGDPTPLTKIYFPVHGENDLQVINGVAEFLCQIGLSHGKTYVEKVKSYYPGIDLSTTERFTSWVSFAYTEKTGVYLSTYYHSSTDNPWKMTTEEDSQL,2.5.1.-,GO:0004659;GO:0009820,1: Evidence at protein level,,A0A2Z5U367
A0A2Z5UFJ1,OKAF_PENOH,O-methyltransferase okaF,okaF,Penicillium ochrochloron,382,MEAIAQEIQKLHANTDEAGRGKINHDLSVLLASFDTDWEKILKLAAGPLRLALVKVGVDQGIFHALNERSHTLPELIEKTGVAPYLLERILRGQASFGMIKEEGAKGFAANRFTTLLAGPNTSGAVTYIFDILRPIASAIPGFLSERNNPAITSTHDTVFQRAFNTELGGFEWMTGHPEHYGNLFQFLALRPNCEWVDAFPIEAEIGSFTNDPHVEKVLLVDVGGGTGAQSVAFRKKLPHVKGRVIVQEIAETLIHVGAKAPAGIEFMEYDCFTPQPIRGAKFYYLRYVMHLWQDERCVEALKVIITAMGPESRLIIDEAVIPDRDVPWQAACQSILMTAALAGAERTLTEWHNLLDAAGLKILNIFPYDLNMQSVIIAVPK,2.1.1.-,GO:0008171;GO:0032259;GO:0044550,1: Evidence at protein level,,A0A2Z5UFJ1
A0A411KZY6,BUAB_PETAA,Glycosyltransferase buaB,buaB,Petromyces alliaceus,490,MPGQKPVVLFLTNSEFGQSSVVLAVAQELVRQSACEVHVASFSALKQQVEALNVAFHALPGRSMKEALCDSGLPFLPKHAPGTRGAVESYRKGLQHVVAPWEPAGYEPIYRACLDLLDKLNPDLVAVDPLFGPGQDACNVRQCRYLVLSPASFKDHLVQVQPHLRVLWKYPVISSGLPCPLPLFLIIINFYLIFKLVLHTFLSKRVQTLTKWRNHIGIPGDLTTIYANFNEKVPWLLPSIPQSDFPLKIPTNVTGCGPIIPPFESVAHNPTASWLAQRPTILFNLGSHMKYKLTDAQQVVTALSMVLHTYPDMQILWKCELSHDDPSSKEPESSDSSAIQDLIPAELTDRIRVTSWITPSPMSILAHDSTIMYVHHGGSNSFHEALAAGVAQVVCPVWLDTYDVAARVEFLRVGLRGNGKAAPHLEGSELGAAICRTAHRLRSGDMGTRTRELQAHILAQEEGVSGTGPADVYGVGRRKAAKVILDMITA,2.4.1.-,GO:0016020;GO:0008194;GO:0017000,3: Inferred from homology,,A0A411KZY6
A0A516F409,PENIE_PENPA,Acetyltransferase peniE,peniE,Penicillium patulum,481,MSAEYTCRSTNPWADSSTIYAGLVVNAVLDLDILHEKQKELISLWPILGGTVVQSTKPWSFTCGSNVDFESRTLDETVSTHFPNNWGNMTGPSASTTLDPAIVDAKFLFAIKPAPSTIFRIRVTVLRDATLVCFGITHQVTGAGGCFEVVSAFCDLLANRAIPHFALPPDARGLKLSDHITGGDDNVTSDELGDFEPPEKNWNIGVVKAATMMWRVLIAQFWKTLGLREKLTEKYIHLPGDWVDEVRNQAQKELSSLPESSDVELTRNDIISAWYLKTIHGPSSSSGCDTTPVDFYVAINYKGLLNPNTTGGCSEKGPSAEQQQTQYLHHSVAIFRCMFSAYQLQNDSISSIAWRIRRATLHYKQPSSIKKYVRFVEKNNSNLLVVDIRASNPFSMVGLSSWTTYNYMALDFSGAIGDRKAPQDGVRVTFVNPLALSPISGLTLYTLKDGKGGYVIRTANTKTQWKQLEKSSSMENLFPVL,2.3.1.-,GO:0016746,3: Inferred from homology,,A0A516F409
A0A6F8RQ06,GRGF_PENSQ,Polyketide transferase grgF,grgF,Penicillium sp,294,MTASTLPRSDVEFTTLDGLTLRGWLFPASQRGPALIMSPGFNMPKDAILPDIAKWFQEHGITCLLYDPRGIGASDGEPRNDIDARQQAEHLHDAVTWFKENPLVNEKQIALWGLCFGGNVTLAAAAFDKRVAAAIAVAPLIDSTGNPERRQPILELAMHDRASRLDGEEPMYLPYVNEDGSIPNGLQLAAEMMPALERLGIPVENRISVQTYYKSLSWNILNVVQYISPTPAMMVTPELDVSCPTEDQLNCFEHMKEPKELDILKGKGHLDWVFGDVESILNRQLDFLKRHMAF,2.3.-.-,GO:0016740;GO:0017000;GO:0072330,1: Evidence at protein level,6LZH,A0A6F8RQ06
A1CAP4,ARGJ_ASPCL,"Arginine biosynthesis bifunctional protein ArgJ, mitochondrial",,Aspergillus clavatus (strain ATCC 1007 / CBS 513.65 / DSM 816 / NCTC 3887 / NRRL 1 / QM 1276 / 107),454,MAAFARMVKGQVRNYSAPLDMAIPASKQKYIPSSGSYPKGFLVSGTHVGVKASNTRFPDLALISSETPCSAAAVFTTNKFQAAPVQVSKKTLQERQGQGIRSVVINSGCANAVTGKGGYEDAVNMGKKVDECEGLSKPSTLVMSTGVIGQRLPISKILDKIPTAYANLASTHEAWLTTARAICTTDTFPKLLSRTFTLPSSPGHTYSLAGMTKGAGMIHPNMATLLGVLCTDAPIAPSALQSLLKYAVSRSFNSISVDGDTSTNDTIAVLANGAAGGAPINSASSDDYAAMQEILTSFAQSLSQLVVRDGEGATKFVTVRVQNSPDYDSARLIASTIARSPLVKTALYGRDANWGRILCAIGYTQGVAPGTVVPERTSVSFKPVDGSAVLKLLVNGEPEQVDEERASAILQEEDLEIVVDLGGGEKGELGGEEAVYWFCDFSHEYVTINGDYRT,,GO:0005759;GO:0004358;GO:0004042;GO:0006526;GO:0006592,3: Inferred from homology,,A1CAP4
A1D2C9,HOG1_NEOFI,Mitogen-activated protein kinase hog1,hog1,Neosartorya fischeri (strain ATCC 1020 / DSM 3700 / CBS 544.65 / FGSC A1164 / JCM 1740 / NRRL 181 / WB 181),366,MAEFVRAQIFGTTFEITSRYTDLQPVGMGAFGLVCSARDQLTGQPVAVKKIMKPFSTPVLSKRTYRELKLLKHLRHENIISLSDIFISPLEDIYFVTELLGTDLHRLLTSRPLEKQFIQYFLYQILRGLKYVHSAGVVHRDLKPSNILINENCDLKICDFGLARIQDPQMTGYVSTRYYRAPEIMLTWQKYDVEVDIWSAGCIFAEMLEGKPLFPGKDHVNQFSIITELLGTPPDDVIQTICSENTLRFVKSLPKRERQPLANKFKNADPEAVDLLERMLVFDPKKRIRAGEALAHEYLTPYHDPTDEPEAEEKFDWSFNDADLPVDTWKIMMYSEILDFHNIDQGNDAGQVLMEGGVAQAHQNYA,2.7.11.24,GO:0005737;GO:0005634;GO:0005524;GO:0004707;GO:0106310;GO:0051403,3: Inferred from homology,,A1D2C9
A1D855,LIPA_NEOFI,"Lipoyl synthase, mitochondrial",,Neosartorya fischeri (strain ATCC 1020 / DSM 3700 / CBS 544.65 / FGSC A1164 / JCM 1740 / NRRL 181 / WB 181),415,MAVSTSHFRSLCASSRSLSRTGIVAPISCRGYATTEPSPSATSTTTTTTARRRTTFKDKLNAGPSFADFVGNDNAPLDPSEAYALKTALVGPAGRKKEMTRLPSWLKTPIPDSKNYQRLKKDLRGLNLHTVCEEARCPNISDCWGGSDKSAATATIMLMGDTCTRGCRFCSVKTSRTPSPLDPHEPENTAEAISRWGLGYVVLTSVDRDDLADGGARHFAETVMKIKQKAPSILVECLTGDYAGDLEMVKLVARSGLDVYAHNVETVEALTPQVRDRRANFQQSIRVLEAAKNAQPSLITKTSLMLGLGETDEQLWDALRQLRVVNVDVVTFGQYMRPTKRHMAVHEYVTPDRFELWRQRALDMGFLYCASGPLVRSSYKAGEAFIENVLKKRRAASGSTETVGVRPVAVDEVTR,2.8.1.8,GO:0005739;GO:0051539;GO:0016992;GO:0046872,3: Inferred from homology,,A1D855
A1DA66,FTMH_NEOFI,"12-alpha,13-alpha-dihydroxyfumitremorgin C prenyltransferase",ftmPT2,Neosartorya fischeri (strain ATCC 1020 / DSM 3700 / CBS 544.65 / FGSC A1164 / JCM 1740 / NRRL 181 / WB 181),393,MTIATEISCPEEEAFQLLDKYSWFPNDDQRRWWEYTGPNLLKLLRDAQYPQKDQISCLYLLQQLLVPYLGTFPVAGQAPLPWWSNVTTYGVPFELSWNLLHNIVRIGFEPLSHLAESGVDAFNKIAPEECLSRLACLDNTIDLARFRHFQHQLLVTPDEERRLLEEKGPLPKSGRGQQALAVEFQNGGISAKAYFFPGMKSLATGLSPGKLILDSIESLALPGLKEPVHHLCNSLGLQDDGHPTDTAIAPFLLGVDLCTPERSRLKFYVTDQVVSWDRVADMWTLRGKRLEDPQCADGLTLLRKLWDLLEIPEGYRSNIRPDFAFGTPPPEDYRPVMMANWTLSPKKKFPDPQIYLLTVGMNDAVVMDALVAFYEVLGWTDLASTYKDKVASY,2.5.1.110,GO:0004659;GO:0009820,3: Inferred from homology,,A1DA66
A1DN11,ANAAT_NEOFI,O-acetyltransferase anaAT,anaAT,Neosartorya fischeri (strain ATCC 1020 / DSM 3700 / CBS 544.65 / FGSC A1164 / JCM 1740 / NRRL 181 / WB 181),509,MTVTISFEPYVGSSVDALSIPLYLRCQLVFKLSKPLAAVPLLESGVNRLVQALPFLSGEFTAVPASDGGKEILLVRPVLNFELSRILKIKYHETSLRHVCKQMNRPSSQGGDLPHEPYMPYPRLPDPSRPQPIVGFQVNVHTDGIILSVATHHCSFDATGMGSIVQNLAACCRSPPSDEPDLTTSPAQEAEARKVLSQVRETPFDPKMFPEYRPLDSMLSYYKGVQSALQGRQTTIVNRCFTIAADKINALKRRCNQLIPEMVKKYGLSTEDAIGSAWVSSNDVVAALLWTCINRARYPEIRERSVHQLPPDLLHATSSLGVPVNVRSRLSPPLPKSTLGNAVCLLREKVPLQFFALPSHANMEATSSVCADHSGDDEWALSFCRVAYGLRAKLNAIDDDYIRDYISYVQKSPCHLSVTLDTENLYLSNWREIGVYDADFGGMLGKPLRMRAPDGYTDGLIFVMAQRSEDKSAPWEFNISLEASTMKRIVHDPLWCKYVELDAFWHGEE,2.3.1.-,GO:0016746;GO:0009820,1: Evidence at protein level,,A1DN11
A2Q879,CTU1_ASPNC,Cytoplasmic tRNA 2-thiolation protein 1,ncs6,Aspergillus niger (strain ATCC MYA-4892 / CBS 513.88 / FGSC A1513),341,MPPSPCARCHDQRAVIIRPKNRQKLCRTCFLHVFETEVHETITSTSLFHPGERVAIGASGGKDSTVLAAVLKTLNERYNYGLDLCLLSIDEGIKGYRDDSLETVKRNAQQYNMPLVIVSYGDLYGWTMDQVVAQVGKKGNCTYCGVFRRQALDRGAAKLGIKHVVTGHNADDVAETVMMNLLRGDLPRLSRGTSIVTGSAASDIKRSKPLKYAYEKEIVLYAHHRQLDYFSTECIYSPEAFRGSARTLIKDLEKIRPSSILDIVKSGEDMALLKKVKSQVLGTCERCGYISSQRVCKACTLLEGLNKNRPKTAIEMEIGLEDEESSSTLRRQMEKVELGGV,2.7.7.-,GO:0005829;GO:0002144;GO:0005739;GO:0005777;GO:0016779;GO:0000049;GO:0103016;GO:0032447;GO:0034227;GO:0002143;GO:0002098,3: Inferred from homology,,A2Q879
A2QF55,MOC2B_ASPNC,Molybdopterin synthase catalytic subunit,cnxH,Aspergillus niger (strain ATCC MYA-4892 / CBS 513.88 / FGSC A1513),180,MSSTTPTTEPDQLPPHLDPQTYPRTTTNPTLNTHITLTYHPLDPTSALSKISSPNAGANVLFLGTTRNSFEDRPVAQLSYTAYPPLALKTLSKIAEDAVAKHELLGVVIGHRLGDVPIGESSIVIAVSAGHRGAAWRAGEEVLELCKEKAEIWKKEVFVDGQGEWRANRDRDAEGKLVQG,2.8.1.12,GO:1990140;GO:0030366;GO:0006777,3: Inferred from homology,,A2QF55
A2QN07,MPKC_ASPNC,Mitogen-activated protein kinase mpkC,mpkC,Aspergillus niger (strain ATCC MYA-4892 / CBS 513.88 / FGSC A1513),396,MAEFLRSQILGTTFETTNRYSDLQPVGLGAFGLVCSAYDMITRQPVAIKKMMKPFSNATLAKRTYREVKLLKHLRHENLIGLSDIFISPLEDVYLVTDLLGTDLNRLLTSKPLDGKFVQYFTYQLLRGLKYIHSAGVIHRDLKPSNILINENCDLKICDFGLARLQEPQMTGYVSTRYYRAPEIMLTWQKYGMQVDIWSAGCIVAEMLRGKPLFPGKDHINQFFLITDALGNPPDEVIERICTKTTLDLVKSLPKRQPAPWATLFPDSDENAIDLLGEMLIFDPDKRISAAKALEHPYLSVYHDPTDEPVAEQMFDWSFSEVAHSIDEWKIMIYTEVVDFHDIGPTEEPVITEPFLSPDPSLSPEVLDPLGQIQTQSMVTKSAETLDQDILQYLQI,2.7.11.24,GO:0005524;GO:0004707;GO:0106310,3: Inferred from homology,,A2QN07
B0XWK9,HASC_ASPFC,O-methyltransferase hasC,hasC,Aspergillus fumigatus (strain CBS 144.89 / FGSC A1163 / CEA10),433,MENELEHLNWNIKHALLQLEGPLAQELDSCLEVSPGALSPSNSVYQKILDTVQVLDKLLVTLTPPHMTLVDGVFAFTNSKVLLCASEYALADHVQKLQPCSISQLAEATGLHEQGLFQIVRYLREMGYFSQDPKTGLLSNNRLSNLLRKDHWATWINWVDFFPREYYDLLSRLPDQLRSDQPKTATELFYNTDKPIYQYLAETGRAAGFHKVTGTGSVVEAPGLLADYPWEEVKSETVVDVGAGVGDFIRSYLEKFPDATAAAFELPSTAEILKQRFPDDDPLTSRIVSITGGDFFQDPIPESSVYLLRWILHNWGDEDCIKLLRRIRETMVIKPGVSRVLIIESVLFDGRLGRGARYADIRMLARCRNKERTLGEYRKLAEEAGWRLNRVVSPRGCLTQIMELRPVGACTGSPRANGNGNSAGGLEWESELM,2.1.1.-,GO:0008171;GO:0046983;GO:0032259;GO:0044550,2: Evidence at transcript level,,B0XWK9
B0Y567,AFUMC_ASPFC,Glycosyltransferase afumC,afumC,Aspergillus fumigatus (strain CBS 144.89 / FGSC A1163 / CEA10),391,MAIPTKERGSRLTDADILSDLQMYKPVTDSDTRNVWAFWDKGLSNSPAWNQRNVISWVRRLSPKWTVRVLDLVEGSPNHVSQFIPREMLTDVFWNRTMTGPHVGQHSSDLIRLPLLYLYGGVWLDVGMLLFRSLDALCWNALEDPETPYEVAAFKVSMGPELSFLFNGFIAARRGSVCIKYWHEIFRTLWDGATSCAGMHSHPLLAHLPVYEPPSLNGKRPPFMYAQFADYLAQVFCLERLRHLVDSKTGWDGPKFFEEKVLLFDCVTEAYWAQRLTDWNGRKQYELLDLQRGEDGLDNARVKEAEALVQGVLSMSSTMKLSHGLVTAGREYLADIWDSPKNHDADIRPGTFAAYLREASETFEQTKELVPLRMPVIEKALLRAGVTEVVR,2.4.1.-,GO:0016757,1: Evidence at protein level,,B0Y567
B6HFQ1,LIPA_PENRW,"Lipoyl synthase, mitochondrial",,Penicillium rubens (strain ATCC 28089 / DSM 1075 / NRRL 1951 / Wisconsin 54-1255),416,MAAPTRSLRRLSSFRTTISPSLTVTAPIGCRSYATTDSSSATNTPGTTRRRATKFQDKLNAGPSFSDFVSGGQDEPLDPSEAYALKTALVGPAGRKKEMTRLPEWLKTPIPDSKNYQRLKKDLRGLNLHTVCEEARCPNISDCWGGSDKSSATATIMLMGDTCTRGCRFCSVKTSRAPPPLDPHEPENTAEAISRWSLGYVVLTSVDRDDLVDGGARHFAETVIKIKQKKPSMLVECLTGDFRGDTEMAALVARSGLDVYAHNVETVEELTPFVRDRRATFQQSIRVLDSAKKAVPELVTKTSLMLGLGETDEQLWDALRQLRAVNVDVVTFGQYMRPTKRHMAVHEYVTPDRFELWRQRALDMGFLYCASGPLVRSSYKAGEAFIENVLKKRRAGSGTAERTVDQTAATTDEATR,2.8.1.8,GO:0005739;GO:0051539;GO:0016992;GO:0046872,3: Inferred from homology,,B6HFQ1
B6QFZ6,ARGJ_TALMQ,"Arginine biosynthesis bifunctional protein ArgJ, mitochondrial",,Talaromyces marneffei (strain ATCC 18224 / CBS 334.59 / QM 7333),472,MVVLFKAGSLGPATNSFIIAATRRGQIRLYNILQDTTIPEPKRKYIPSSGTYPKGFRVSGTHVGVKAANTKYPDLALISSDKPCTAAAAVFTTNKFQAAPVQLSKVTLEQRKGKGIQSVVINSGCANAVTGKGGLEDARSMAAKVDECNGTSEPSTLVMSTGVIGQRLPISKILDKIPTAYSNLASTHNAWLATARAICTTDTFPKLISRTFSLPSSPGITYSLAGMTKGAGMIHPNMATLLGVLCTDAPVDASVMKPLLLHAVSRSFNSISIDGDTSTNDTIAFLANGAAGGQTIASSTSQDYAALQKVLTSFAQSLSQLVVRDGEGATKFVTVRVQNSPCYDSARRIASTIARSPLVKTALYGRDANWGRILCAVGYTDGVTEGTVVPERTSVSFKPVDGSPTLRLLVNGEPEVVDEERASAILQDEDLEIIVDLGGGDKGEKGLGGEEAVYWFCDFSHEYVTINGDYRT,,GO:0005759;GO:0004358;GO:0004042;GO:0006526;GO:0006592,3: Inferred from homology,,B6QFZ6
B8MKZ2,TSTE_TALSN,O-methyltransferase tstE,tstE,Talaromyces stipitatus (strain ATCC 10500 / CBS 375.48 / QM 6759 / NRRL 1006),296,MAAVTTTETASQSRDKGENAWAYKKDVAWYRKDLSEDTIGETRAILQQYSKIPPERVIDHIKKVRDKAWEVYPYGSVGMFGFLTLNMPYMPEYVEILDRLRTGDQKFIDVGCCFGQEIRKLVFDGVPSQNLYGMDLHQGFMDIGYDLFCDKQKLKSTFIAADIFDSSNPAFAKIAGTIDIIHAGSFFHLFSWDDQVKVAKQIINFLKPQSGSMLVGKHAGDTNPGHKSRPGRLGSRYRHNGETWKKMWEQIGEETDTKWEVKVNELADDEYFKDGKQYGDWDSETTRRLQFCVRRL,2.1.3.-,GO:0008168;GO:0032259,1: Evidence at protein level,,B8MKZ2
C0NSF3,THI4_AJECG,Thiamine thiazole synthase,,Ajellomyces capsulatus (strain G186AR / H82 / ATCC MYA-2454 / RMSCC 2432),334,MSPPSATYDVVAAAATSVAKTNKPSTAHGSLTSTSTILDEFAGKWDDFSFGHIRESQVSRAMTRRYFEDLDTYAESDIVIVGAGSCGLSTAYVLGKARPDLKIAVIEASVSPGGGAWLGGQLFSAMVLRKPADRFLDDLGVPYEEEPSNPNMVVIKHAALFTSTLLSKVLSFPNIKLFNATCVEDLITRPAPAAGDGEGIRIAGVVTNWTLVTLHHDDHSCMDPNTINAPLVISTTGHDGPFGAFCAKRLVSMAAIEKLGGMRGLDMNSAEEAIVKNTREVTKGLIIGGMELSEIDGWHRMGPIFSAMMLSGVRAAEVALEVFEERKRECADKK,2.4.2.60,GO:0005829;GO:0005634;GO:0160205;GO:0005506;GO:0009228;GO:0052837,3: Inferred from homology,,C0NSF3
C0NUP2,TRM5_AJECG,tRNA (guanine(37)-N(1))-methyltransferase,TRM5,Ajellomyces capsulatus (strain G186AR / H82 / ATCC MYA-2454 / RMSCC 2432),483,MEEAATLQSLSISSSSPFPNNSSPVVTAANTISTSESDMFRAPVNRMMRTLDRSFFKKTVPLSAATIFDKQSIGSIKSELLQSQDLLLANRIIPVRAAREGPLENVTDHWYGRKDGKQDGRKCLLLREGIKADDVTTWSPTIQKLVEAKSVEVRPFNLLLDYDYFTYTHFNLREQYLPYKYLLGEILRDKHPQARTVINKTDDVGSHSEFRTFSYEVLAGEDDMLVTVHEQDCEYSFDYSKVYWNTRLATEHERMVSRFKKGEAVCDVMAGVGPFSIPAGKKQVFVWANDLNPYGYECLERGAAKNKVREFVKAHNMNGRDFIRFATERLYQGNPRTVVHRTKVPKAERENSPIRQRKPKAFDTEYLTCPRTFDHFVMNLPATAIEFLDAFRGLYAGMQELFEPYTDRKLPLIHVYCFSTNSEDEALERKDICERISERLGFKITPEDEGRELEIRSVRLVSPTKKMFCASFRLPAEVAFKKA,2.1.1.228,GO:0005759;GO:0005634;GO:0052906;GO:0070901;GO:0002939,3: Inferred from homology,,C0NUP2
C5JVC1,LIPA_BLAGS,"Lipoyl synthase, mitochondrial",,Blastomyces gilchristii (strain SLH14081),430,MAASTGKLRTLFSAHSSLSARPSSALPALRLTILRSYATTTPPDSSISNPSNPSTTVKRPPTAFKDKLNAGPAFSDFVSGKKDEPLDPAEAYALKTALVGPAGRKKEITRLPSWLKTPIPDSSNYKRIKNDLRGLNLHTVCEEARCPNISDCWGGSSKSAATATIMLMGDTCTRGCRFCSVKTSNKPPPLDPHEPENTAEALSRWGLGYVVLTSVDRDDLADGGARHFAETVLKIKQKAPNILVECLTGDYAGDLEMVALVANSGLDVYAHNVETVEALTPFVRDRRATFQQSLRVLKAAKATKPELITKTSLMLGLGETEAQLWDTLRALRAIDVDVVTFGQYMRPTKRHMAVHEYVRPDVFDMWKERALEMGFLYCASGPLVRSSYKAGEAFIENVLKKKRGKNVGSASGKGTTSENVEKLVAGEAVR,2.8.1.8,GO:0005739;GO:0051539;GO:0016992;GO:0046872,3: Inferred from homology,,C5JVC1
C8VJQ1,ASQH1_EMENI,Prenyltransferase asqH1,asqH1,Emericella nidulans (strain FGSC A4 / ATCC 38163 / CBS 112.46 / NRRL 194 / M139),451,MLCKTGGCVEGRAAEDQSTRKVHWGQEGSGQSPEARPRALDMISRLEPSRGPSHAHWWHIISPQLAVMLEETGYPVEKQLEILTFLYHWVIPYLAPVAAGNAASSCNWKSLLPSAIVPLEYSWKWDSSGKAREPEIRLTIEVFGELSGTQFDPLNQAPAMELLYRLSSILPGVNQILASHFRCKFFDHDNVKYMEEPRLDTLPRSTMLTYMTPRKLGQQGFAPLSEYVSAIQALGQASGRTLDTLTNFLSTSPEGVHLHPFGLAFDNVEPSSSRLKLYFFSNRTSYNSMREVLTLGGRIYSESYDMEEKLRTIYSLAQLLMGCPENNAEDADIPLLPITHSQHTAAERATLLSGFQYYFDVAPGADLPSVKFYIPVRKEHANDRAVGSALTGWFREQGRGKFCDNYMRMLERLAGGLELGECRGLHSFISCMIGGDGEIEVTSYLLPGSEA,2.5.1.-,GO:0004659;GO:0009820,3: Inferred from homology,,C8VJQ1
D7PI17,GSFC_PENAE,O-methyltransferase gsfC,gsfC,Penicillium aethiopicum,396,MTLDQISRIQALVAEIADLSQTFEGPSERFMVDGLPFLRKSEELVTLVQSPAEHATSLIIKTMETAVIRTLLSLNVLQTIPTTGSITLQSLAVATETQESLLERLLRVVTKTGFIIRENGGYSHSHTSLAYAGPLGALFAPCYDEGIRALVRLPEYLSVKDKEEAKNARYSLFTWNEGQEGKATFEILSTMPARTEGIHTLAMNVQHLRPYTGFFDYSKLVSEDRERPVFVDVGGGNGHVIKEILQAFPQIRPEQCVLEDRAETLELARTTGLLPAGVQLLEHDYLTRQPVSNAKAYHLRAVAYNLGDAELVQLLKQIVPVMGADSKVLIAENILFDDNSTVFSTVSDMIMLGIGGKERTEQNFREVLYEAGLTIEGIHRAPGLEYGIMEASLATS,2.1.1.-,GO:0008171;GO:0140878;GO:0032259;GO:0016114,1: Evidence at protein level,,D7PI17
G3XRG4,LAEA_ASPNA,Secondary metabolism regulator laeA,laeA,Aspergillus niger (strain ATCC 1015 / CBS 113.46 / FGSC A1144 / LSHB Ac4 / NCTC 3858a / NRRL 328 / USDA 3528.7),375,MFEISRLLHQPITMASPNRNNYSYQGIESYDSGRSRQNSDAMDIHVITAQEPPREPPDNNDPYDGHGGPAGTSHYSKPPNRWLFYEENGRTYHGYRRGVYPLPCDEQEQDRLDIFHKLFTVARMSESLIYAPHPPNGRFLDLGCGTGIWAIDVAHKYPNAFVAGVDLAPIQPPNHPDNCEFYAPFDFEAPWTLGENSWDLIHLQMGCGSVLGWQNLYKRILRHLQPGAWFEQVEIDFEPRCDDRSLNGLALREWYQYLKQATQDTMRPIAHSSRDTIRHLEEAGFTQIDHQMVGLPLNPWHRDEHEQKVARWYNLAISESIETLSLAPFSRIFHWDLDRIRQITAEVKSQAFNKEIHAYNILHIYQARKPGGPSL,2.1.1.-,GO:0005634;GO:0008168;GO:0032259;GO:0030435,3: Inferred from homology,,G3XRG4
G3Y421,YANI_ASPNA,O-Mevalon transferase yanI,yanI,Aspergillus niger (strain ATCC 1015 / CBS 113.46 / FGSC A1144 / LSHB Ac4 / NCTC 3858a / NRRL 328 / USDA 3528.7),448,MNGSNLEHRIPALPHLGFGDVLLSHSLASTHYTVLAFLLAVCIPSAPRKSILRYGLLLLQITCALQAFVAPPPPTSDSAVLYTSGVLMANLLARYFDRLYTTVPEESFHRITSTKPESREDATKLPITQRLPWALELFSVTRGIGWNWRVSGIPKSTAPKSRSRFVTAQLLTIIAMYAGLYLVEVTCQGLLASYSSPGTTNANAVQTLAGNLVMYALIVLGLALVVYSHFALFVLPLSILCVGLQVGPVAWRDMSAWPPDYGSLWEAYSLRRFWGITWHQQLRRHTGAPAAYLFSFLPDAVRTSKRRSARLTRRYMLMLITFVISGLIHTSGSYHVSRGLGLPLSYGGEVKYFISQAISIMIEDFGCWLLRIDDRSAGEASTVRRWVGYIVTAGWYFWSRVHWSVMPVALASGIQDERGPLFIALEHTRRSAAAVPGNFAAKAWKITP,2.-.-.-,GO:0016020;GO:0008374;GO:0016114,1: Evidence at protein level,,G3Y421
K0E3V3,HTYB_ASPRU,Transaminase htyB,htyB,Aspergillus rugulosus,379,MIATEYPRPPLAGIDWNHLGFEPVEVNGHIESRFSPSTKTWSTPTFIPDPYIRIHGLTPALNYGQQIFEGLKAFRTPSGSITVFRPDQNAHRFARSARAVSIPPIPTDIFLEAVHLAVGMNSEFVPPVGTGAALYIRPLAFASSATVGLALASEFLFCVYVLPVAPLHKHSGENDKDRKKRGVRALVVEDFDRAAPRGTGDVKVGGNYGPALGRIDAARQEGYGLTLHLDSQSRSLVDEFSTSGFIGVRKENDDELKLVVSDSQQIVASVTIDSICEIARGFGWAVEKRSIAFTEVSEFVEVYAAGTAAMLVPVQSVERRSTGEFIQYSVDYAEPTSVFAQLYKALSGVQQGLVPDQWGWTQEVLRPKQLASQDTEADT,2.6.1.-,GO:0004084;GO:0009081,1: Evidence at protein level,,K0E3V3
L0E2P7,MALE_MALAU,Prenyltransferase malE,malE,Malbranchea aurantiaca,438,MTAGPMGNKSTSDIDSVLVYKSLSRYLKFSENEEGWWHKTAPLLNKILAAAKYDVHLQYRYLVFYYAACVSALGPYPQRFSSSITRSGLPVEFSVNYQNNSKPIVRIGYEPISHLSGTERDPYNHKTASEIVATLSKIQPDFDPRLFNYFVHQLSVNKAESDVLNGANVEGSEMKSQTAFGFDLVNGEISVKGYAFPAMKCQVSQQSLSQLLKAAINGLKGEFDCAFGLVDEYMERCGGYNQFSFVSWDCVVPAKSRFKVYGVHNDVTWKKIEDIWTLGGQATSGNVTKGLELLKELWTLIDLDEGERGYTGRFDDANDNGSNIQSPMVWNYELRPNNPWPLAKFYFPVHGENDMKIVKGLARFFENRGWTELARSYVQTVSSFFPDRDLNQTQRLVSWISFAYTEKTGVYLSVYYHSSADYLWISESGEKRGQGDGA,2.5.1.-,GO:0004659;GO:0009820,1: Evidence at protein level,,L0E2P7
O00098,CISY_EMENI,"Citrate synthase, mitochondrial",citA,Emericella nidulans (strain FGSC A4 / ATCC 38163 / CBS 112.46 / NRRL 194 / M139),474,MASTLRLSTSALRSSTLAGKPVVQSVAFNGLRCYSTGKTKSLKETFADKLPGELEKVKKLRKEHGNKVIGELTLDQAYGGARGVKCLVWEGSVLDSEEGIRFRGLTIPECQKLLPKAPGGEEPLPEGLFWLLLTGEVPSEQQVRDLSAEWAARSDLPKFIEELIDRCPSTLHPMAQFSLAVTALEHESAFAKAYAKGINKKEYWHYTFEDSMDLIAKLPTIAAKIYRNVFKDGKVAPIQKDKDYSYNLANQLGFADNKDFVELMRLYLTIHSDHEGGNVSAHTTHLVGSALSSPMLSLAAGLNGLAGPLHGLANQEVLNWLTEMKKVVGNDLSDQSIKDYLWSTLNAGRVVPGYGHAVLRKTDPRYTSQREFALRKLPDDPMFKLVSQVYKIAPGVLTEHGKTKNPYPNVDAHSGVLLQYYGLTEANYYTVLFGVSRALGVLPQLIIDRAFGAPIERPKSFSTEAYAKLVGAKL,2.3.3.16,GO:0005759;GO:0005739;GO:0004108;GO:0005975;GO:0006101;GO:0006099,2: Evidence at transcript level,,O00098
P0C2P2,OTC_ASPTE,"Ornithine carbamoyltransferase, mitochondrial",arg1,Aspergillus terreus,361,MIPTARCGALRQKIPVQAVRQYSSSTTLKTSPFAPRHLLSIADLTPTEFTTLVRNASSHKHSIKSGSIPTNLQGSLAGKTVAMMFSKRSTRTRISTEGATVQLGGHPMFLGKDDIQLGVNESLYDTAVVVSSMVSAIVARVGKHAEVADLAKHSTVPVINALCDSFHPLQAIADFQTIYETFTPKAHHLSSLGLEGLKIAWVGDANNVLFDMAISAAKMGVDLAVATPKGYEIPASMRELIQEAGKGVANPGKLIQTNVPEEAVKKADILVTDTWVSMGQEEESLKRMKAFEGFQITSELAKRGGANENWKFMHCLPRHPEEVSDEVFYSNRSLVFPEAENRLWAAISALEGFVVNKGKIA,2.1.3.3,GO:0005829;GO:0005759;GO:1903269;GO:0016597;GO:0004585;GO:0042450;GO:0019240;GO:0006526,3: Inferred from homology,,P0C2P2
P0C2P3,OTC_ASPTN,"Ornithine carbamoyltransferase, mitochondrial",arg1,Aspergillus terreus (strain NIH 2624 / FGSC A1156),361,MIPTARCGALRQKIPVQAVRQYSSSTTLKTSPFAPRHLLSIADLTPTEFTTLVRNASSHKHSIKSGSIPTNLQGSLAGKTVAMMFSKRSTRTRISTEGATVQLGGHPMFLGKDDIQLGVNESLYDTAVVVSSMVSAIVARVGKHAEVADLAKHSTVPVINALCDSFHPLQAIADFQTIYETFTPKAHHLSSLGLEGLKIAWVGDANNVLFDMAISAAKMGVDLAVATPKGYEIPASMRELIQEAGKGVANPGKLIQTNVPEEAVKKADILVTDTWVSMGQEEESLKRMKAFEGFQITSELAKRGGANENWKFMHCLPRHPEEVSDEVFYSNRSLVFPEAENRLWAAISALEGFVVNKGKIA,2.1.3.3,GO:0005829;GO:0005759;GO:1903269;GO:0016597;GO:0004585;GO:0042450;GO:0019240;GO:0006526,3: Inferred from homology,,P0C2P3
P0C956,GEL4_ASPFU,"1,3-beta-glucanosyltransferase gel4",gel4,Aspergillus fumigatus (strain ATCC MYA-4609 / CBS 101355 / FGSC A1100 / Af293),548,MKFVYAAAGASLVGSALATLPVIEAKVLKACCWTIALDANSYGNKFFYSNNGTEFFIRGVAYQQEYQANGTSTENSDYTDPLANVDNCKRDIPYLKQLRTNVIRTYAVDPTKDHDECMKLLDDAGIYLITDLSAPSESINRADPAWNTDLYKRYTSVIDAFAKYSNVIGFFAGNEVANDNNNTNSIAYVKAAVRDMKSYIKSKDYRSSLLVGYATDDDAHIRADLADYLVCGDKESSIDMFGYNIYEWCGDSSFEKSGYKDRTEEFSKYPVPAFFSEYGCIDPKPRKFTDVAALYGPQMNDVWSGGIVYMYFQEANDYGLVSVSGDNVKTKEDFSYLSVQMQKVTATGVNSASYTASNTAVPTCPSVGAKWEASNKLPPSPNSELCDCMVETLSCTVKDSVDEKEYGDLFDYLCAAGVCGGINSNSTSGDYGAYSVCSAKQKLSFVMNQYYKKNNKAATACDFDGKAQTKKGADASGSCASLISQAGTAGTGSVTAGATGSSGSGSASETSKGAAGVAASPMAVKVGNWQFGAYIATALFAGVGMLVL,2.4.1.-,GO:0009277;GO:0005886;GO:0098552;GO:0042124;GO:0071970;GO:0031505,1: Evidence at protein level,8PE1;8PE2,P0C956
P0DUL6,HKM8_ASPHA,O-methyltransferase hkm8,,Aspergillus hancockii,252,MRDRCMLSFTKEQLTSVGEYCTLHSSPLPKSVEEQCRVTDERSQDEVVMAPSPAQCAWLMSFALASRPRRILELGTFTGVSTLAFYEGTRKTKAEIITVDMSEEYLQIAETAFRRHGATDRIQTIRGPCLEILPTITGEFDLIYIDAAEEEYEAYTRFVLDHKLLSAEGVMLVDDGTYIRWFYFFQANWWSVLLEGLVVDRSIVKEFPEEIQEPYLGIADQMNDFNRYARSDPRVEVTMIPLFNGVTQITWK,2.1.1.-,GO:0046872;GO:0008171;GO:0008757;GO:0032259,1: Evidence at protein level,,P0DUL6
P34763,NMT_AJECA,Glycylpeptide N-tetradecanoyltransferase,,Ajellomyces capsulatus,529,MSEQEGNQSEHQSEHVGESEGKLPNETPTTSQSTNASTGTAGKGEKKSSDGDPAAANPATKLTPSMAESLLELNPALRSELAGMDKEKATEALRQMNISDLLTGLSVNPKNQKDMASFKFWQTQPVIRFDDRESESPDGPIKIVELDQVSREPIPLVDGFEWVTLDIDDEADVKEFYELLANHYVEDGSAMFRFNYSPAFLNWALKAPGWKREWHVGVRASKSGKLVASICGVPAEIAVRGKSLKVTEINFLCVHKKLRSKRLTPVLIKEITRRCYLNGIYQAIYTVGIMLPTPVSACRYYHRALDWLKLHEVGFSPLPIGSTKSRQVTRNHLPGHTSTPGLRPMQSKDIDAVQDLLNRYLKRFDLSQIFSRKEVDHLLLHKEKPGAEQIVWSYVAEEPGTHRITDFAAFYSLESSVLQNSKHKNVKAAYLYYYATETAFAEKEKGLKERLLMLINDVLILAKKERFDVMNALTLHDNPLFLEQLKFGAGDGQLHYYLFNYRTAPIAGGVNDKNLPDERKRGGVGVILV,2.3.1.97,GO:0005737;GO:0004379,3: Inferred from homology,,P34763
P9WEP8,STCP_EMENI,Demethylsterigmatocystin 6-O-methyltransferase stcP,,Emericella nidulans (strain FGSC A4 / ATCC 38163 / CBS 112.46 / NRRL 194 / M139),204,MPQHPKHMKSLGHLMALQRPTVWVDHFPVLEQLGEPPNPDKTLMVDIGGGFGQQSKALRSRCPNVEGKIIVQDMPQTLASAEPAEGVEFSEHDFFQPQPVKGAKFYYLRHVLHDWPDEQCVQILQQVIPAMAPESRILIDEVVIPVTGVPWQAAFMDLLMMESFASIERTRAEWEALMDKAGLKIIEEYYYDGKEQAILVVIPK,2.1.1.109,GO:0008171;GO:0032259;GO:0045461,2: Evidence at transcript level,,
P9WER5,TVTS_TALVE,Talaropentaene synthase,,Talaromyces verruculosus,671,MDFKYSRELKLESLDALNLTEGIPLRVNENIDLEFRGIERAHSDWERYVGKLNGFHGGRGPQFGFVSACIPECLPERMETVSYANEFAFLHDDMTDAASKDQVNGLNDDLLGGLDFTTEARSSASGKQQMQAKLLLEMLSIDRERTMVTIKAWADFMRGAAGRDHHRGFSSLDEYIPYRCADCGEKFWFGLVTFAMALSIPEQELELVQRLAQNAYLAAGLTNDLYSYEKEQLVAERSGTGQVFNAIAVIMQEHSVSISEAEDICRGRIREYAAKYVRDVADLRAKNELSRDSLAYLETGLYGISGSTAWNLDCPRYQVSTFVDFKTPEDETAKEEFIHVPEQKQFVGDGSIEDQTTEGNQEIVLRKLPQMSTEVIEAPYTYVKSLPSKGVRQRAMHAINTWLQVPMAKMKLIEDVVERIHNSSLMLDDIEDSSPLRREYPAAHMIFGVPQTINSANYELVLALNAAHQLGNPTCLQIFIEELQRLNVGQSYDLYWTHNMITPSMNDYLRMIDSKTGGLFSMLSRLMVACSPRTVSADFDSLSRLVGRFFQIRDDYQNLVSAEYSKQKGFCEDLDEGKYSLPLIHALETCVNSDRDMLRSLLVQRRVAGHLTFEQKKLVLQIMQRCESLEFTKSQLCVLQTRIQEEIDKLVAEFGDENFSLRLLVELLVVG,,GO:0016829;GO:0046872;GO:0004659;GO:0046165;GO:0008299;GO:0043386,1: Evidence at protein level,7VTA;7VTB,
P9WEU7,BENX_ASPTE,N-methyltransferase benX,benX,Aspergillus terreus,361,MSAVEIPHPSGCRVYDIRQQAQGSMNLQTAITDGLLSTPKTLPSLLLWDAEGLRLFDEFAHSASYYLRDKELTILRDRSHEIVTVVPAQSILVELGSLQKTGRLIRALEKQQKPVRYYAVDVSLSGLTNSLTELRKELGDLHFVDITGLLGTYDDCVNWISNPSGQDPMSSPTVTFLWMGNSISNLNHYIDSSSLLSQFRLACDASRLRCQFLIAADACQDAQVVRTAYDAQNPTLRAFLLNGLSHANSVLGRAAFSPQDWSCESGFYPEQGQLEVYYVPLRDVELDVGGDRVYRVQRGERVRAISSGKWGKKLMGRVACAAGFQMNHAWGDSAGQYYFYHLYGGTQTFTSGNERVSVAHR,2.1.1.-,GO:0008168;GO:0032259,3: Inferred from homology,,P9WEU7
Q0CS95,TAZO_ASPTN,O-methyltransferase tazO,tazO,Aspergillus terreus (strain NIH 2624 / FGSC A1156),435,MTKTITLEGLADQVQAQASTLSTLLAEANLPSPSFGPDAPPAPPHGKEFEKIQAARMALIESANAIRDLALGPEDCITAFSDGIKHDLAALHVIVDFNIPELVPLHGEVSYAEIAQKVGFPEYRVHRILRHAMTSRIFREPRPGYVAHTGPSAAFLRNPVLRDWVSFNLDEVWKADTKLVETLRTCGDSEEPADSAIGRAFGFAPGKTYWDFIANDGEGENKGWRQRRFAQGMKCRAAGNPQTHHHLHSAFDWAGLGKATVIDVGGSAGHVSIELAKAFPDLEFVVQDFEGLKSFHDGVPDELKSRISFEAQDILQPNAHPNADVYLLRSILHDWSDKYAVLILKNLVPALKDGARVLIADFIGPENTQSGPMWLERLSTIRSMQMMTMVNAPERSEKDWINVVKRADSRYSVKAVVTPAGTAMSVIEIVFNASA,2.1.1.-,GO:0008171;GO:0032259;GO:0044550,2: Evidence at transcript level,,Q0CS95
Q0D0P5,HOG1_ASPTN,Mitogen-activated protein kinase hog1,hog1,Aspergillus terreus (strain NIH 2624 / FGSC A1156),364,MAEFVRAQIFGTTFEITSRYTDLQPVGMGAFGLVCSAKDQLTGQPVAVKKIMKPFSTPVLSKRTYRELKLLKHLRHENIISLSDIFISPLEDIYFVTELLGTDLHRLLTSRPLEKQFIQYFLYQILRGLKYVHSAGVVHRDLKPSNILINENCDLKICDFGLARIQDPQMTGYVSTRYYRAPEIMLTWQKYDVEVDIWSAACIFAEMLEGKPLFPGKDHVNQFSIITELLGTPPDDVIRGICSENTLRFVKSLPKRERQPLANKFKNADPDAIDLLERMLVFDSKKRIRAGEALAHEYLAPYHDPTDEPEAQEKFDWSFNDADLPVDTWKIMMYSEILDFHNIEQANEGEVLVEGAGTAPQGFA,2.7.11.24,GO:0005737;GO:0005634;GO:0005524;GO:0004707;GO:0106310;GO:0051403,3: Inferred from homology,,Q0D0P5
Q2TXQ1,AOIO_ASPOR,O-methyltransferase aoiO,aoiO,Aspergillus oryzae (strain ATCC 42149 / RIB 40),398,MVCVPSSSSVMELANLISQSIPKLQDESPQRANDARGNVIEACSKMLALVTSPAEMLKEMVLINLASLQVINHYQIASVVPLNGHIPISELANKCGLPVDILRRILRQAMTYGAFSEPEPDCIAQTDVSREIPRLSPLLTYQLDVCLPSMVRLLDWLKDVDGEHACAYQIAHDTKDTWWSYASKRPELIENYGKYMALITSGGAHDVSYVLKGFAWEKLGNAVVVDVGGADGFVGISLAKEYPNLAVIVEDNLGLKDSADDNIPQHLKSRVVFLPHSFFKPQSALSRDADVFLLRHILHDWNDNDCRAILQALAASMKPGASILVAEQILQRPGAASWQRERVMRALDMQMMIQFGSKERAYEDWDALFKSVDPPLEIVDCVQPVGSADSFMELKRRA,2.1.1.-,GO:0008171;GO:0032259;GO:0030639,2: Evidence at transcript level,,Q2TXQ1
Q2U4H2,LIPA_ASPOR,"Lipoyl synthase, mitochondrial",,Aspergillus oryzae (strain ATCC 42149 / RIB 40),415,MAASTNRLRFLYSSARTVPQTGSITPISRRTYATTEPSPSATGAPATARKRTNFTDKLNAGPSFADFVSGGEDNAPLEPSEAYALKTAMVGPAGRKKEMTRLPSWLKTPIPDSKNYQRLKKDLRGLNLHTVCEEARCPNISDCWGGSDKSAATATIMLMGDTCTRGCRFCSVKTNRRPPPLDPHEPENTAEAISRWSLGYVVLTSVDRDDLADGGARHFAETVIKIKQKKPSMLVECLTGDYLGDLEMVKLVARSGLDVYAHNVETVEALTPFVRDRRATFQQSLRVLEAAKQARPDLITKTSLMLGFGETEEQLWDALRQLRSVGVDVVTFGQYMRPTKRHMPVHEYVTPDQFELWRQRALDMGFLYCASGPLVRSSYKAGEAFIENVLKKRRAAGTAGESVTDSKAAVDEATR,2.8.1.8,GO:0005739;GO:0051539;GO:0016992;GO:0046872,3: Inferred from homology,,Q2U4H2
Q2U5W8,PPIL2_ASPOR,Peptidyl-prolyl cis-trans isomerase-like 2,cyp8,Aspergillus oryzae (strain ATCC 42149 / RIB 40),570,MGKGSKQITHSEWASGDSYSASAGAGGGKGGDNAPFKRLPFNFCSLSLQPFAHPVCTPSGTIFDLTNILPWIKKHGKNPVDGTPLKNSDLIKLNIAKNESGDYVDPVTYKVLTDNTHIVALRNTGNVFAWDTVERLNIKGKLWRDLVTDEEFGRKDIITLQDPQNIESRNLSSFNYLKEGESVPGQKEEESNVNASALGSSAKILKAKEAVAKARSERAQRADSSAVTKKADGSTTTSTQSKTASFQSGKPTPYNAAKYTTGMAAASFTSTGLTPHTSAELALLSDEEYMLKRGRVKQKGYARISTTSGDINLELQTEYAPKAVWNFIKLAKKGYYKDVTFHRNIKGFMIQGGDPSGTGRGGESIWGKYFNDEFEGPLKHDSRGTLSMANKGKNTNSSQFFIAYRALPHLNNKHTIFGHVIDDPTPSSTTLNNLETHPVNSSTNRPTPDIRITDVTIFVDPFEEFLNQKKAEEASGKNKKVDPTEEDRETQQEDDDQVTWTGKRVRGPGSTAAGGDAGSGVGKYLKAALANQTTQEEDEIVEFVDEEPEPEPMRKKFKSRGGFGDFSSWD,2.3.2.27;5.2.1.8,GO:0071013;GO:0003755;GO:0061630;GO:0006457;GO:0000209,3: Inferred from homology,,Q2U5W8
Q2U7R8,ARGJ_ASPOR,"Arginine biosynthesis bifunctional protein ArgJ, mitochondrial",,Aspergillus oryzae (strain ATCC 42149 / RIB 40),456,MAAFARMVKGQVRSYSAPVDMAIPASKRKFIPSSGSYPKGFVVSGTHVGVKASNTKFPDLALISSETPCSAAAVFTTNKFQAAPVQVSRDIIKTRQGQGIRSVVINSGCANAVTGKGGLEDAVSMGKKVDECDGLNEPSTLVMSTGVIGQRLPISKILKKVPVAHANLSSTHDAWLTTARAICTTDTFPKLLSRTFTLPSSPGRTYSLAGMTKGAGMIHPNMATLLGVLCTDAPIEPSALQSLLKHSVNRSFNSISVDGDTSTNDTIAILANGAAGGAPISSSSSDDYAAMQDILTSFAQSLSQLVVRDGEGATKFVTVRVQNSPDYESGRLIASTIARSPLVKTALYGKDANWGRILCAIGYTQGVAPGTVVPEHTSVSFKPVDGSPVLNLLVNGEPEQVDEERASVILQEEDLEIVVDLGGGEKGEQGLGGEEAVYWFCDFSHEYVTINGDYRT,,GO:0005759;GO:0004358;GO:0004042;GO:0006526;GO:0006592,3: Inferred from homology,,Q2U7R8
Q2UJU5,MPG1_ASPOR,Mannose-1-phosphate guanyltransferase,mpg1,Aspergillus oryzae (strain ATCC 42149 / RIB 40),364,MKALILVGGFGTRLRPLTLTLPKPLVEFGNRPMILHQVESLAAAGVTDIVLAVNYRPDVMVSALKKYEEQYNVKIEFSVESEPLGTAGPLKLAEKILGKDDSPFFVLNSDVICDYPFKELAEFHKKHGDEGTIVVTKVDEPSKYGVVVHKPNHPSRIDRFVEKPVEFVGNRINAGIYIMNPSVLNRIELRPTSIEQETFPAICKDGQLHSFDLEGFWMDVGQPKDFLSGTCLYLTSLAKRNSKLLAPNSEPYVYGGNVMVDPSAKIGKNCRIGPNVVIGPNVVVGDGVRLQRCVLLENSKVKDHAWVKSTIVGWNSSVGRWARLENVTVLGDDVTIADEVYVNGGSILPHKSIKQNVDVPAIIM,2.7.7.13,GO:0005737;GO:0005525;GO:0004475;GO:0000032;GO:0009298;GO:0006486,3: Inferred from homology,,Q2UJU5
Q4WAH2,GPI14_ASPFU,GPI mannosyltransferase 1,gpi14,Aspergillus fumigatus (strain ATCC MYA-4609 / CBS 101355 / FGSC A1100 / Af293),425,MTSFFDSPSKVIGASIALRAVLLVYGAWQDAHSPIKYTDIDYFVFTDAARYVSRGASPYARDTYRYTPLLAWLLLPTTWDSIPGFFAFGKALFALADVVAGWLIAKVLVSAYGMSPSRALKYASVWLLNPMVANISTRGSSEGLLGVLVVGLLWAVLSRRVSLAGVILGLGVHFKIYPFIYGPAVVWWFDAERDGSGSPRGTATARAAREKDDGQDGQGILSKAVDFLTPARIHLTLVALATFSALNVSMYILYDLPFAQNTYLHHLTRIDHRHNFSPYSTLLYLSAAGGARTAFESLAFIPQLLLSVVVIPLVLGKKSLAGTMLAQTFAFVTFNKVCTSQYFLWYLIFLPFYLPSSSLMKNPRKGILVGLLWVIAQALWLQQGYNLEFLGLSSFVPGLFLASLFFFAVNVWILGIIVEDVGGSA,2.4.1.-,GO:0005789;GO:1990529;GO:0051751;GO:0004376;GO:0000030;GO:0071555;GO:0006506,3: Inferred from homology,,Q4WAH2
Q4WBQ3,ER13A_ASPFU,Hydroxymethylglutaryl-CoA synthase erg13A,erg13A,Aspergillus fumigatus (strain ATCC MYA-4609 / CBS 101355 / FGSC A1100 / Af293),467,MPSSAQNVGIKALEIYFPSRYVPQTELETFLGASAGKYTIGLGQQNMSFCDDREDLYSLALTAVSSLLRKYAIDPNTIGRLEVGTETLLDKAKSCKTVLMQLFGDNTDIEGVDTYNACYGGTNALFNAVNWIESSSWDGRDAIVVAGDIALYETPAARPTGGAGCVAMLIGPDAPLVLEPVRGSCMKHVYDFYKAYFKSEYPLVDGQFSNTCYLGALDACYQRYQAKQRARQAAKTNGTAISNGHQGSFLDTFDYFAFHAPNCKLVAKGYGRLLFNDFKLESGSFDEVPAQVREADFAASLTDKALEKLCVSLTKERFVQRVEPSLTAPTNCGNMYTASVYAGLISLISNVPSDRLQDKRIGMFSYGSGLASTLFSFRVKGDTTEMARKIGLQDRLSARTAVSPEFYDQMCKLREKAYQQRNYTPEGSVESLAPGTYFLVHVDDAYRRKYDMKPYLSMCEDRHEQAV,2.3.3.10,GO:0004421;GO:0006084;GO:0006696;GO:0010142,3: Inferred from homology,,Q4WBQ3
Q4WHD2,RIFK_ASPFU,Riboflavin kinase,fmn1,Aspergillus fumigatus (strain ATCC MYA-4609 / CBS 101355 / FGSC A1100 / Af293),214,MRPDGPRDPVAGPDSGPEPPYPVRLSGPVIKGFGRGSKELGIPTANIPAEGLEEYPDLQVGVYYGVVALDPAKFQYQEGQGSTSTSSTGGAEAAVLPAVLSIGYNPFYKNKTKSIEIHIMPPLSSPSPTADGAGEVKFHKLPDFYGTQLKLLILGYIRPEYDYVSLEALIEDIRVDCEVARKSLQRPAYACYIDGDEKECSDVVREQRRWLVTF,2.7.1.26,GO:0005739;GO:0005524;GO:0046872;GO:0008531;GO:0009398;GO:0009231;GO:0006771,3: Inferred from homology,,Q4WHD2
Q4WMJ1,GLIN_ASPFU,N-methyltransferase gliN,gliN,Aspergillus fumigatus (strain ATCC MYA-4609 / CBS 101355 / FGSC A1100 / Af293),282,MTVLPDSENGYLLNYEDQEKRRMNMQHDLIKTYMGKLILAPLPFDQPNLRVLDSGTFNGLWLEDASTLLQSPTLVGTDVSPTAFPAKRPPNTEFHVQSISDPWPTEWRDSFDLVHQKLVIACVPPDEGRQALYRLIDLAKPGTGWVQFTEGSLEHLTPEQRKQYPVLARFQSLVAEMLPHFRWNPRPGKLVRQWLEEYGLQEVQEKVMEIPIGAGNPDPKLGEMAKQNMLEVVSNFRTAATRLPDGTGIRAEDFDPILRDIKVEFETVGGILRFNTVWGRRP,2.1.1.-,GO:0008168;GO:2001310;GO:0032259;GO:0043386;GO:0052562,1: Evidence at protein level,,Q4WMJ1
Q4WMJ9,GLII_ASPFU,Probable aminotransferase gliI,gliI,Aspergillus fumigatus (strain ATCC MYA-4609 / CBS 101355 / FGSC A1100 / Af293),435,MPSETITPLLAHRARTNIQWFTHKHMRQVSRLNAKQHRVNMMTAENWSIRDELVDQYKTLFAQHLSPRHLSYADGMGGDAELLQAAADFFNRVFAAHSRVQPAHLVVGAGCSSLLENLLYDICEPGEGVLIETPFWGGFETSFVLRSNVTAVHVRPPCHGNGSADLDRLVSAYIEAYERALRQAPCRIKAILVCNPHNPCGHIYPPRVIQALLQFAQRHDLFYISDEIYALSTLDEQTAFTSVLSIDVAALGVDLARVFTLYSISKDLGSSGLRLGFGITQAHPDLRLSLAISNHSRVSTFTSLVITALLHDPEAATAILHQNRAALQRSAKLISDFLAFHQIPFVPPAAGVYVWARLGWRSSSRPGDEPSWDEEARLNDRFEAAGVSVGAGQGYCASEPGWFRITFAIPREELVAGLRRIEQVVGMEGQKWTAI,2.6.1.-,GO:0016846;GO:0030170;GO:0008483;GO:0006520;GO:2001310;GO:0043386,2: Evidence at transcript level,,Q4WMJ9
Q4WMX7,THI4_ASPFU,Thiamine thiazole synthase,thiA,Aspergillus fumigatus (strain ATCC MYA-4609 / CBS 101355 / FGSC A1100 / Af293),332,MSPPAAIFEPAVAPSPSLKAKVLVPETVPASGTSQTHLLDHFGGKWDDFKFAPIRESQVSRAMTRRYFQDLDKYAESDIVIVGAGSCGLSTAYVLAKARPDLKIAIIEASVSPGGGAWLGGQLFSAMVLRRPAEVFLNEIGVPFEEDPANPNFVVVKHASLFTSTLMSKVLSFPNVKLFNATAVEDLVTRPSASGDAKDTQIAGVVVNWTLVTLHHDDHSCMDPNTINAPVVISTTGHDGPFGAFCAKRLVSMNTVDKLGGMRGLDMNSAEDAIVKNTREVAKGLIIGGMELSEIDGFNRMGPTFGAMVLSGVKAAEEALKVFDQRQRECAE,2.4.2.60,GO:0005829;GO:0005634;GO:0160205;GO:0008198;GO:0005506;GO:0000002;GO:0009228;GO:0052837,3: Inferred from homology,,Q4WMX7
Q4WN42,MCES_ASPFU,mRNA cap guanine-N(7) methyltransferase,abd1,Aspergillus fumigatus (strain ATCC MYA-4609 / CBS 101355 / FGSC A1100 / Af293),668,MYDPARDSWEERDGDEARSCRGRLASDQPHAVFSPPEQIHGASGENNNTTDLQQHPDPSSKTTASAEVLYAESQPAQPTTQTPPSVSTRIQSPVDPAAQKASNPQSLTSTAQNQLNKSNTTMENTSGSATPKPRADPSDKPNRPVQVASPTDQNGSQGDKKRKLPAEENASEKSQPAPDRPVSKRKRMEERHQKLRKRGRTPPSAYSRRDAEETSSAADRNGPTYRSTSPLPPPRSPTPEDQPRQRKRPGGGARMGLVDRETLRRRQEERERAQVEEAMRASQSRGVADVVRQHYNAVPQRGREWRKTESKIKGLRSFNNWVKSTLIQKFSPDEEFLARFNGTKEWAEDGGVPPVEEKRLLVVDLGCGKGGDLGKWQLAPQPVDLYVGLDPAEVSIVQARERYNGMKSGRGNRGRRNPIFHAEFRPKDCFGEWLGDVDIVQQVGIDPNVGPGGSVMSSRWGGGGFDVVASMFTIHYAFESEEKARQMLRNVAGCLKKGGRFLGVCPNSDVISARVSEINAKKKARQAQAKKEKSDEAPEDGEVEEDDGKVEWGNQIYRVRFPITPPEDGVFRPPFGWKYSYFMEEAVEEVPEYVVPWEAFRALTEDYNLELQYRKPFLDIWRDEKDDPELGPLSERMGVRDRVTGKLLMTEEEKEAASFYHAFCFYKV,2.1.1.56,GO:0005634;GO:0004482;GO:0003723;GO:0006370,3: Inferred from homology,,Q4WN42
Q4WQZ0,TPCH_ASPFU,Methyltransferase tpcH,tpcH,Aspergillus fumigatus (strain ATCC MYA-4609 / CBS 101355 / FGSC A1100 / Af293),282,MLEKVFHEKSFADQYTYGAKISELYAETLITESGIAKSHQRPLIILDNACGTGSISSTLQRTLDERNKRSLKLTCGDLSEGMVDYTKQRMQAEGWNNAEAKIVNAQDTGLPSDHYTHVYTAFAFNMFPDYKAALRECLRILQPGGTLATSTWKTANWCTIMKPVIATMPGQLSYPTMDEINTMLNKGWDRESDVRAEFEQAGFDHVNITTVEKQCLLPVQEFGEACKILLPYILSKFWTQEQRDQYEADVPSYLMRYLEREYGKDGLAPMKGVAIIASGRKP,2.1.1.-,GO:0008168;GO:0032259;GO:0044550,2: Evidence at transcript level,,Q4WQZ0
Q4WUK1,PFA5_ASPFU,Palmitoyltransferase pfa5,pfa5,Aspergillus fumigatus (strain ATCC MYA-4609 / CBS 101355 / FGSC A1100 / Af293),443,MARRAADKRVNLAVSRIIPPILIGVFGYASYAITKPLCVDYLIHPAHHYDRRSRSGAGAAILAIYYVLLIPVLATYLRLLYNVVLSPGYLPRGTACTQNQTGSDGSKHRHRRHRRRKSGHHLSKTTEKTDRSDGGDVERGLEYSARAKAYPLDAEGLESFYTKDVFVCQPDGRPVYCSTCCQFKTDRAHHCREVDRCVRKMDHFCPWVGGVVSETSFKFFIQFIVYTMIYCIFVLIVFAIYTAELRREAGRTNVHWIVCLALSSLFGFFTFGVAISSVQLAANNLTTIENLNRRSAVWTLAIRVPRHILSKRWAPTFRTITYPLPPVPPAESEVARESPGGEQHVFAILQTLPGENPFDLGSPLKNIQQVMGFSLLEWLLPIKQSPCADHSSNESAFALGPVVTRLKKEAGLEVSTESESADPVGAAETPQHEQRRGKHRRRN,2.3.1.225,GO:0005783;GO:0005794;GO:0016020;GO:0019706;GO:0006612,3: Inferred from homology,,Q4WUK1
Q4WXT8,ER13B_ASPFU,Hydroxymethylglutaryl-CoA synthase erg13B,erg13B,Aspergillus fumigatus (strain ATCC MYA-4609 / CBS 101355 / FGSC A1100 / Af293),460,MSARPQNVGIKAIEVYFPSQCVDQAELEKFDGVSEGKYTIGLGQTKMSFCDDREDIYSIALTTCSSLLRKYNIDPKSIGRLEVGTETLLDKSKSVKSVLMQLFAPHGNTNIEGVDTVNACYGGTNAVFNSINWVESSAWDGRDAIVVCGDIALYAKGAARPTGGAGAVAMLIGPDAPIVFEPGLRGSYVTHAYDFFKPDLTSEYPVVDGHFSLKCYTEAVDACYKAYAAREKVLKAKVQNGTNGVENDETKTPLDRFDYVLFHAPTCKLVQKSYGRMLYNDYLANPSHPAFAEVPSELRDLDYEKSFTDKTVEKTFMGLTKKTFAERVRPGLDVATLCGNMYTATVYAGLASLLSNVTFDPSQPKRVALFSYGSGLASSMFSVKIVGDVSGMVEKLDLHKRLNARTVLPPQTYDEMCILREHAHLKKNFKPTGNPDTLFPGTYYLTEIDDMFRRKYEIKA,2.3.3.10,GO:0004421;GO:0006084;GO:0006696;GO:0010142,3: Inferred from homology,,Q4WXT8
Q4WZ60,EASF_ASPFU,4-dimethylallyltryptophan N-methyltransferase easF,easF,Aspergillus fumigatus (strain ATCC MYA-4609 / CBS 101355 / FGSC A1100 / Af293),339,MTISAPPIIDIRQAGLESSIPDQVVEGLTKEVKTLPALLFYSTKGIQHWNRHSHAADFYPRHEELCILKAEASKMAASIAQDSLVIDMGSASMDKVILLLEALEEQKKSITYYALDLSYSELASNFQAIPVDRFHYVRFAALHGTFDDGLHWLQNAPDIRNRPRCILLFGLTIGNFSRDNAASFLRNIAQSALSTSPTQSSIIVSLDSCKLPTKILRAYTADGVVPFALASLSYANSLFHPKGDRKIFNEEDWYFHSEWNHALGRHEASLITQSKDIQLGAPLETVIVRRDEKIRFGCSYKYDKAERDQLFHSAGLEDAAVWTAPDCDVAFYQLRLRLN,2.1.1.261,GO:0008168;GO:0042803;GO:0035837;GO:1900809;GO:0032259,2: Evidence at transcript level,,Q4WZ60
Q4WZL8,PFA3_ASPFU,Palmitoyltransferase pfa3,pfa3,Aspergillus fumigatus (strain ATCC MYA-4609 / CBS 101355 / FGSC A1100 / Af293),548,MMATLATSPPTSPTWPKRRPRAWALRCERYCCAAATYFPLAFVYSLTTWAVYVEASIGLKPSRSPWIGLPTSILGVLLYICLNASYTVAVFTDPGSPLTTGAGRHQYSALPVSELPEYTAYTVSSTGGSRYCKKCQCPKPDRAHHCSTCKRCVLKMDHHCPWLATCVGLYNYKAFLLFLIYTSLFCWVDFAVSATWIWTEVFNDAPYLETMLPVNVVLLAILGGIIGLVLTGFTAWHISLAVRGMTTIECLEKTRYVSPLRKALDRHRYEHILGNHRDGNRASPVADSFGHRLQDYGQQILDAHANAIPGVTRAEEGEERLSPAPEQPASHGVSDDQLTPAQQALTRSYAELERQREHDRYQDYLNEEDNGKLPHAFDLGWRRNLLHLFGNRPLLWLIPVCTTTGDGWRWEPSRKFLEAQEGLRLKREQDMANQQHYYRDLYSRNMNNGRAWLGPNAAAPTWNPHQPLDSFRDPERPATGVSMRTLAPMSPRPRPGDSDFEDDISETDPLNQQSVPANGAVNQLQKANEASSATTNRREDSSEWRDWD,2.3.1.225,GO:0005783;GO:0005794;GO:0005774;GO:0019706;GO:0006612,3: Inferred from homology,,Q4WZL8
Q4X0S7,DPH1_ASPFU,2-(3-amino-3-carboxypropyl)histidine synthase subunit 1,dph1,Aspergillus fumigatus (strain ATCC MYA-4609 / CBS 101355 / FGSC A1100 / Af293),445,MTEPLLSSAAPEMKMEETSSSSNLRQPKKRFVGRRTADAHAQKDASISSKDVESTSVQRVAPRRNPRTLNQVPPEILDDPEIQAAIELLPKNYSFEIPKTIHRIRTSGAKRVALQFPEGLLIFATTISDILTQFCPGTETLIMGDVTYGACCIDDYTARALGCDLLVHYAHSCLIPVDVTQIKTLYIFVDISIDTSHLIATLERNFQPGKTIATVGTIQFNATLHGLKPVLERAGFKVVIPQIAPLSKGEILGCTSPQLSPTEIDILLYLGDGRFHLESAMIHNPTIPAYRYDPYSRTLSRETYSHDEMHALRRDAINTAKSAKKWGIILGSLGRQGNPNTMAMIENHLNERGIPFVNLLLSEIFPGKLASMSDVECWVQIACPRLSIDWGYAFPRPLLTPYEALIALGVREHWDSANSGVYPMDFYAKEGLGRTKPQQALQGAA,2.5.1.108,GO:0120513;GO:0005737;GO:0090560;GO:0051539;GO:0046872;GO:0017183,3: Inferred from homology,,Q4X0S7
Q4X158,TMTA_ASPFU,Gliotoxin thiomethyltransferase GtmA,tmtA,Aspergillus fumigatus (strain ATCC MYA-4609 / CBS 101355 / FGSC A1100 / Af293),287,MSKSDYIQNMFQTKSFVDRYKYTEKLTGLYAQTLVDYSGVANTSQKPLVVLDNACGIGAVSSVLNHTLQDEAKKTWKLTCGDLSEGMLETTKRRLQDEGWVNAETKIVNALDTGLPDGHYTHVFVAFGFQSFPDANAALKECFRILASGGILASSTWQNFNWIPIMKAAIETIPGNLPFPTQKEFIALHNAGWDSESYIQSELEKLGFRDVKVIPVPKETSIPIDEFFEVCMMIIPYLLPKFWTEEQRESHEKDVPMVLRQYLQDTYGANGQVPLEAVALITTGLKP,2.1.1.9,GO:0005737;GO:0008168;GO:0032259,1: Evidence at protein level,5EGP;5JGJ;5JGK;5JGL,Q4X158
Q5AWM9,ALG8_EMENI,"Dolichyl pyrophosphate Glc1Man9GlcNAc2 alpha-1,3-glucosyltransferase",alg8,Emericella nidulans (strain FGSC A4 / ATCC 38163 / CBS 112.46 / NRRL 194 / M139),509,MAELYPSLTQCAIVATAFKILLFPAYKSTDFEVHRNWLAITHSLPVQEWYYEKTSEWTLDYPPFFAVFEWALSQLAQYVDPAMLDVQNLNYDSWQTVYFQRATVILSELVLFYALNRFIRSDPQPTKHLAHAASLSILLSPGLFIIDHIHFQYNGFLYGILVLSIVWARKQSKLLYSGIAFAVLLCLKHIYLYLAPAYFIYLLRAYCLDPKSVFRPRFGNAFKLGLSIITVFGLAFGPFVYWGQLLQLKDRLFPFSRGLCHAYWAPNVWAMYSFTDRILIPFAPKLGLPVNQDALTSVTRGLVGDTSFAILPEISKEYTFVLTLLSLILPLIKLWLRPDYYTFVGALTLCGYASFLFGWHVHEKAILLIIIPFSLIALKDRRYFSAFRPIAVAGHVSLFPLLFTAAEFPLKTVYTLLWLILFLFVFDRIAPVPERPRIFLVDRFSLLYITVSIPLILYTSLVHQLIFGLESSITPSQPLEQRIPSPVTSASHSSLRFWYRMSAKASMTP,2.4.1.265,GO:0005789;GO:0042283;GO:0006488;GO:0006487,3: Inferred from homology,,Q5AWM9
Q5AXT6,PPIL2_EMENI,Peptidyl-prolyl cis-trans isomerase-like 2,cyp8,Emericella nidulans (strain FGSC A4 / ATCC 38163 / CBS 112.46 / NRRL 194 / M139),580,MGKGTDKLYITHSEWASEDAYSASAGAGVGKARRGVGEASFKRLPFRFCSLSLQPFEHPVCTQSGTIFDLTSILPWIKKHGTNPVDGTPLKGSDLIKLTIAKNDAGEYIDPVTYKVLTDNTHVVALRNTGNVFAWDTIERLNIKGKMWRDLVSDEEFTRKDIITLQDPQNIESRDLSRFNHIKEGESGLSDEQLREREDPSRNVNVNALGSSAKILKAREAVAKARQERAQKAGNAASTPVAKTDAPVKSAQKTASYQSGKPVPYNAARYTTGLAAASFTSTGMTPHTSAELALLSDEDYMLKRGRVKQKGYARISTTSGDINLELHTEYAPKAVWNFIKLAKKGYYKDVTFHRNIKGFMIQGGDPTGTGRGGESIWGKYFNDEFEGPLKHDSRGTLSMANKGKNTNSSQFFIAYRALPHLNLKHTIFGHVIDDPTPSSPTLNKLETHPVNPTTNRPTPDIRIVDVTIFVDPFEEFLKQKKQSEQSAENEANRTAENDEEGSRRAEDDQITWTGKRVRGPGASKEESSTTVGKYLKAALSERAAHDEDEIVEFVDEEPTSEPAKKKFKGIGGFGDFSSWD,2.3.2.27;5.2.1.8,GO:0071013;GO:0003755;GO:0061630;GO:0006457;GO:0016567,3: Inferred from homology,,Q5AXT6
Q5AY46,XPTA_EMENI,Xanthone prenyltransferase A,xptA,Emericella nidulans (strain FGSC A4 / ATCC 38163 / CBS 112.46 / NRRL 194 / M139),446,MLKHSSAATKENDSPKLKVLDIVSKLEPSLDHSHTHWWKLTSPQLALMLEAADYSIEKQFETLLFHYHWVVPYLGPKPDADGNFKWRSLVSDVGIPLEYSWKWDTATSGPDVRLTIEPINELSGTRVDPLNQAPSLELLHRLAEILPRLDVSWASHFLSTFYDHDKLKYIKESESETGMPLRSTMLVCFEFGRNGITTKTYMSPRKLGQQGFAPLSDYHSAIAALGPSCALDAVTEFLNNSPEGPHLSPFMLAVDNIIPCSSRLKLYFATPRTSYNSIREVLTLGGRLSTVTLESKLRAIHELVKAIMPFPPDLPDDADIPFPEQVLSPTVQDLAESSDMANQRPAFVAGYQYYFDIAPGASLPDIKFYIPIRKAQMNDQAVATGLTNWMRAQGRGAFCNAYTRVLEGLAGGRDLSKCHGLHTHICVMLKGNGEFDVTSYLAPGCK,2.5.1.-,GO:0004659;GO:0009820;GO:1900793,3: Inferred from homology,,Q5AY46
Q5B058,RMT2_EMENI,Protein arginine N-methyltransferase 2,rmt2,Emericella nidulans (strain FGSC A4 / ATCC 38163 / CBS 112.46 / NRRL 194 / M139),426,MANPVTEIDVDLNTQEVLLAASQHDTAKLRRLLRANDAAGNPANVKDPETGYSPLHAAIAACEPDEEEDVKSNGVQTNGDRQTHGQESTVEAAVQTVKLLLQEGAIWNDLDLNNETPGCIARRLGLTELYDMVVDAGVRAELLLNRLDGYEQLSDEEMEEDGEQEQEQQDAAVAADASITNTAEDESVPQLVDTTAAAPPQTADAEPSVTSSRYLNSDLTFQQDRLLDQDQNGVMMAWESDIMAKSAKQLLPTPGLRVLNVGHGMGIVDGFIQEQSPSAHHIIEAHPAVVAEMKRKGWHEKPGVVIHEGKWQDILPGLVAEGVMFDAIYYDTFAESYADFREFFTEQVIGVLEQEGKWSFFNGMGADRQISYDVYQKVVEMDLFEAGFDVEWEEIDVPKLEGEWNGVRRPYWSIDKYRLPLCKYMD,2.1.1.-,GO:0005737;GO:0005634;GO:0019702;GO:0032259,3: Inferred from homology,,Q5B058
Q5BCK8,COX10_EMENI,"Protoheme IX farnesyltransferase, mitochondrial",cox10,Emericella nidulans (strain FGSC A4 / ATCC 38163 / CBS 112.46 / NRRL 194 / M139),506,MILRSSLGRLGVARESPLCLQCLNRSRPSFPAVNKLASISRLQSTVAGQSPSSSVNKTYFSSHKGDSHLTPQPSLFTSLSPSNSPSQLNRGHSTPSTSPELSELPHRRRKRLKEAAAQNNGAEPVIPPDASAQLSNFSSTLPKTSLRRKLAAFFALTKPRLSFLVLLSTTSAYGIYPVSSILALDPTIAPLPTLSTSTLTFLYLTTGTFLSACSANTLNMIFEPKYDAQMSRTRNRPLVRGLVTRRAAVFFAIATAAVGLGLLYFGTNPTVTGLSAANIALYAFVYTPLKRMHVINTWIGAIVGGIPPMMGWVAAAGQGATTGHDTWRDMLFGENSLGGWLLGGILFAWQFPHFNALSHTIREEYKGAGYKMLCWTNPARNARVALRYSVLMFPLSIGLWWAGIVGHGFLVSSTVANGWLTKEAYGFWKHQGANGTARGLFWASIWQLPILLVGALVTKKGLWDGVWGGIFGQPIEDDDDDYVYYEEVSPGKTINQSPTSPSSPVV,2.5.1.141,GO:0031966;GO:0005739;GO:0008495;GO:0006784,3: Inferred from homology,,Q5BCK8
Q672V5,ATMC_ASPFL,Prenyl transferase atmC,atmC,Aspergillus flavus,334,MGFFHDFLSRPTTYAILAVLVIPVTALAWDRLPPLLPSAKRLLVGKKNPSKITSLECPYSYIRQIYGTHHWAPFVDKLSPSLKTERPAKYHMILEIMDGIHLCLMLVDDISDGSDYRKGRPAAHHIYGPSETANRAYYRVTQLLNRTGHEFPELAPWLLQCLEEILEGQDLSLVWRRDGLSAFPVQPEERVAAYRQMAYLKTGALFRLVGQLVLENQSYDDTLSTVAWYSQLQNDCKNVYSSDYAKAKGAIAEDLRNGELSYPIVVALNVPKGQYVVPALEFRSPHNIRQALRVIQSDQVRNICLTEMKKSAVSIQDWLALWGRNEKMDMKSEK,2.5.1.-,GO:0046872;GO:0004659;GO:0046165;GO:0008299;GO:0043386,2: Evidence at transcript level,,Q672V5
Q7Z8P9,NDK_ASPFU,Nucleoside diphosphate kinase,ndk1,Aspergillus fumigatus (strain ATCC MYA-4609 / CBS 101355 / FGSC A1100 / Af293),153,MSNEQTFIAIKPDGVQRGLIGPIISRFENRGFKLVAMKLVSPPQSQLEQHYADLSDKPFFKGLVSYMLSGPICAMVWEGRDVVKTGRTILGATNPLASAPGTIRGDFAIDVGRNVCHGSDSVENAKKEIALWFKPEELISWKSATFDWVYEKA,2.7.4.6,GO:0005524;GO:0046872;GO:0004550;GO:0006241;GO:0006183;GO:0006228,1: Evidence at protein level,6AGY;6XP4;6XP7;6XPS;6XPT;6XPU;6XPV;6XPW,Q7Z8P9
Q92413,OAT_EMENI,Ornithine aminotransferase,otaA,Emericella nidulans (strain FGSC A4 / ATCC 38163 / CBS 112.46 / NRRL 194 / M139),454,MTSNGTNGSATAYHASSTQEAIQAENDFAAHNYHPLPVVFARAQGTSVWDPEGRHYLDFLSAYSAVNQGHCHPKLVAALVDQASRLTLSSRAFYNDVFPKFAEMVTKYFGFDMVLPMNTGAEAVETGIKIARKWGYKVKGIPENEAIILSAENNFHGRTMAAISLSSDPESRENYGPYVPNIGCTIPGTEKPITYNDKAALREAFEKAGSNLAAFLVEPIQGEAGIIVPDDDYLQLARSLCDQHNVLLICDEIQTGIARTGKLLCHEWSGIKPDMVLLGKAISGGMYPVSCVLGRKDVMLTVEPGTHGSTYGGNPLACAVAIRALEVVQEENMVERAEKLGQAFRSGLEAIQNPIIQTVRGKGLLNAIVIDESKTNGHTAWDLCMLMKEKGLLAKPTHQNIIRLAPPLVITEEEIAKALEIIKAAVAELPNLKGAAEDKVVPPPEKKVKITLEN,2.6.1.13,GO:0005737;GO:0005829;GO:0042802;GO:0004587;GO:0030170;GO:0019544;GO:0010121;GO:0055129;GO:0006591,1: Evidence at protein level,,Q92413
Q9C451,PAXD_PENPX,Indole diterpene prenyltransferase paxD,paxD,Penicillium paxilli,438,MQSDELQIPPWESLAEGLGFSNADEEYWWTVFGQPLNKLMDWADYSTSEKYRVLAFIHRYVIPTCGPRPKPNGDQYWDTFMGFDHTPIQVSINFYNSKATVRTGNIPISEASGTTEDPINQKASLDTIASQRHLVPGHNLRLFKHFTDAFFIPNEEANILNAELENRTIAMQAVQCMLSYDFPYRQIQTKVAICPMWKSMQVKRPMGDLMISSIKDLGIDAADYMKSLKVIEDFINSEKAVQSGAYAIFFAFDTMLTDDYQRTRVKIYFATQSTAFNNMVDIFTLGGRLDGPEMQRATKELRKLWMSTMAIPDGLRDDETLPKSPLPCAGVIFNFEIWPGADKPNPKIYLPCAYYGKDDLDIADGMDSFFKDQGWSKSFHSYKDNYIKAFVKDGKVMCRHHDISFSYKGQGAYITAYYKPELSEYADPSVWAPKLFKA,2.5.1.-,GO:0004659;GO:0140873,1: Evidence at protein level,,Q9C451
Q9P900,OMTB_ASPFN,Demethylsterigmatocystin 6-O-methyltransferase,omtB,Aspergillus flavus (strain ATCC 200026 / FGSC A1120 / IAM 13836 / NRRL 3357 / JCM 12722 / SRRC 167),386,MTGLDMETIFAKIKDEYARTDDVGKRQIQGHIRELQVGFYSDWDVVMRLSSGPLQVALAKVAIDLGIFRSLKESDTPITLAEFVKKTGASPRLLGRILRTQAAFGLIKETGPQEYTSSAFTDVFANSDAAGAVVQLFDISGPCTQILPDFLAERNYQDITSNKDCVFQKAFGSDLTMFEWMPQHPKHMESLGHLMALERPVSWVDHFPILEELGKFPAPDKVLMVDIGGGFGQQSKALRAKFPNLPGRLIVQDIPQTLANAQPAAGIEFMEHNFFEPQPIQNAKFYYLRHVFHDWPDEQCVLILKQIIPAMGPESQILIDEMVIPSTGVPWQAAFTDLLMMNSLGGVERTRAEWDDLMEQAGLEIIQSKVYDSKEQAILVAVAKRT,2.1.1.109,GO:0047145;GO:0046983;GO:0045122;GO:0032259,3: Inferred from homology,,Q9P900
Q9Y8H3,GLGB_EMENI,"1,4-alpha-glucan-branching enzyme",be1,Emericella nidulans (strain FGSC A4 / ATCC 38163 / CBS 112.46 / NRRL 194 / M139),684,MTSTAPSDGTGIIDLDPWLEPFREAIKRRFDYVESWIKTVDEVEGGLDKFSKGYEKFGFNVSETGDITYREWAPNAIEAALVGDFNNWDTKANPMTRDNFGVWEIALPAKNGTPVIPHDSKVKITMVTRSGERIYRIPAWIKRVVQDLNVSPIYESVFWNPPKAERYNFQHARPKKPESLRIYEAHVGISSPDTRVATYKEFTANMLPRIKYLGYNAIQLMAIMEHAYYASFGYQVNNFFAASSRYGKPEDLKELVDTAHSMGLVVLLDVVHSHASKNVDDGLNMFDGSDHLYFHSGSKGQHELWDSRLFNYGNHEVLRFLLSNLRFWMEEYGFDGFRFDGVTSMLYTHHGIGTGFSGGYHEYFGPAVDDDGVMYLALANEMLHRLYPDCITVAEDVSGMPALCLPHGLGGVGFDYRLAMAIPDMYIKLLKEKSDNDWDIGNLAFTLTNRRHGEKTIAYAESHDQALVGDKSLMMWLCDKEMYTHMSVLTEFTPVIERGMALHKMIRLVTHALGGEGYLNFEGNEFGHPEWLDFPRAGNNNSFWYARRQLNLTEDHLLRYRFLNEFDRAMQLTESKYGWLHAPQAYISLKHEGDKVLVFERADLLWIFNFHPTESFTDYRVGVEQAGTYRVVLDTDDQAFGGLGRIDQGTRFFTTDMEWNGRRNYLQVYIPTRTALALALEETL,2.4.1.18,GO:0005737;GO:0003844;GO:0043169;GO:0004553;GO:0005978,2: Evidence at transcript level,,Q9Y8H3
W6QP10,PRX11_PENRF,Eremophilane O-acetyltransferase ORF8,ORF8,Penicillium roqueforti (strain FM164),471,MYELQQHRKFSALDEMLPAFYYCYLLCFPVSSDNRASTSELLQTSLSSLAEERPYLTGTVRRDMESSVRKGHLILDIPNPFEDLRIVFNDLTGPKSQWKETYQDLKDTGMPPHKLDANLLAPLTAGIGETRKVMSVQANFIHGGLLIAFCFHHNFVDAYGAGRIIARFSDHCNGTVDLKNSADPEGDGTDSRGIADLLDVELLKKQYKFEDLESDPNLWRLNCLEFRGVNDFRWPDFIPALLPVRKPPVISSMFSFSSDALAEIKAMAQPNQSGAWVSTNDALVAFLWRHTMRARFPSSRTESEPPNRKSNVVVALDGRKDLSISPTYIGNCLFHCFTDLPINMVGSESTHLGDIAIKVRQTITAARNKTLLKAVVGLAATHPDCQTIKYANDNLGPDLYVTSWIDLPFYKLEWGPLGKTEFFRIPDRQFESLCCILPPKDGVVQLITSMEEDHSKRLRSDAEFTRFATYR,2.3.1.-,GO:0016747,3: Inferred from homology,,W6QP10
A0A017SEF3,FOGH_ASPRC,Prenyltransferase fogH,fogH,Aspergillus ruber (strain CBS 135680),434,MALQTTNTWETLAQLLPSRNHDQDFWWKVTGRQLAVLLEAAGYPIERQYNTLLFHYHWAIPYLGPAPASGVAKWPSQLSVDGSPIEYSWKWNTKSKAPDVRYTMEPMSEFTGTKLDPLNQRAFRELLHKLSQFVPDVDLAPTDYFMSTLFDHDRSVLMKAVDDGVPLQFSSTALAFEFLDKGLLLKTYYAPRKLETGHFVLKDWDTAIRGYYPESKALDIVYEFLKTSPEGELMNPYHLAVDNVKDGRLKFYFQSPHRTFTSVREILTIGGRVQREGLEEQLLSLRDLLNALTGQSPDFPEDGEPPIVEEDVTADLDTDGHPELMSGYLYYFDIAPGAALPEIRFYVPIRRYCKSDLDLAQSLTAWMAANGRGTYCQQYLDLVHSLAEHREISKDRGLQRYIACLLAKNGEIEVTTYLAPETYEQVRRSQKTAV,2.5.1.-,GO:0004659;GO:0009820,1: Evidence at protein level,,A0A017SEF3
A0A0C1E2S7,PBOB_ASPUT,O-acetyltransferase pboB,pboB,Aspergillus ustus,483,MVRTDDQPYVPTPIDRLFSHSYVRTQLAFQLDDVSGCATLLRRGMERLIRTSPFLSRELTIHMNDDQTESITTKPISPQELDRMLKIKHHEKPLRQALIEASNDRDCLDDKFMPTSFHRLDVSQPCPVMVVQANIHPDGVLLAVATNHMVMDATGQGIAVQCLADCCRLEQGDVVSLPTCSADQDRGRELLLHELPARIVNREFSEYRPCRDLYSQSAALADLAHKAATTIRVAHFTIAAEHVHALKTRCNEMLSQVFESNGHVFGADDAPWISSSDVVIALIWRSINCARYQALTTTQQPPEKQAKKDSGEVVHVGIPVNVRSRVSPVLPGSYMGNGAILVLVPQPLRTFSGTDWMSTICRVGLAVRTRLAAITSDEIRSLLHYILNAPDPIAFSFDVADYFVSNWRQMGFYEADFGSKMGKPQRIRNPDGVVGGTVFIMPKRSQPENAPWELQVSLTDEMLRLLDQDDVWATYVRPDTYWP,2.3.1.-,GO:0016746,1: Evidence at protein level,,A0A0C1E2S7
A0A0U5GIM7,AUSP_ASPCI,O-acyltransferase ausP,ausP,Aspergillus calidoustus,480,MEVVRYFTSNQKQPPATGPKDSIVQLPDIPPVYECNVEVALRFDSVLDPEKLQQSLKRLLEIGNWRQLGGRLRRRDTNSDACGYDLHVPVEFTTERPAFIYKTLESPAAVDEHPVACKMPQPTDPNKILFYNVRDALTPSMTRTHHPRKAQEWAESDLPPLSFEQLNFRDGTIILLLFPHILMDATGYGLFLKAWTCVLQGRMDDVPQCCGFSESITDMLCHKTPAESFTWHNHLLKGLDRLRFTARLLWENICGKEERIIRVPGKFITQTRDKTLADLSTSQDSPFVSHSDVLVAWFVRVVLASLNPQHQRTLVLTNAFDIRHMLPPERAYLQNSVFLAHTMLPVGEVVSNPASFLANEIRRSLVRERTEEQVQARCAWAKDVGIMPLLGSSDMLLCNVSNWSKGGLLDLDFGPAAITQRPGPCVPSSILNCSQMRGVTPEYGIILGKDSQDGWWMQWRLSKFCWAMIERELDTINQTR,2.3.1.-,GO:0016747;GO:0016114,1: Evidence at protein level,,A0A0U5GIM7
A0A1B2CTB2,PENG_PENTH,Prenyltransferase penG,penG,Penicillium thymicola,434,MTQDVVTVSSQTAGTIKESGTHSNPDNKTTSPSTWKSLSKYACFDSEAERQWWNDSGALIARFLDIAKGDIHEQYQYLLFVREVVIPALGPYPPIRRCCINITEIGIELSLNYQGPGKPVFRVSLDPISEMSGTPMDPLNIDTVNDTVARLASIGLKDFDRTLHYHFMSEFCMPEEKAKTYQQDSREPMAWSQMILGFDFKDGNVVTKEYIWTRHAAHASGLHPHAIIRRAISRVDDQMRCSAAVNLVLEYMETFNADIPVPFFSWDLIDPSESRLKLYGIAWQWSWAKVEEVCTLGGKLQGPATDRSIGLLRKLWGILKLDEFTPSMAFTWNYEILPGQTHPNVRIYFAICDRSDEEVAQAVSQWFNLLGWHETARSYPETLRYLQPNRDLKKTNTAHTWLSITVTEKGVYTSLYYHPLGNGPDDHNIRKTWF,2.5.1.-,GO:0016765;GO:0009820,1: Evidence at protein level,,A0A1B2CTB2
A0A1L9WQN9,ACRG_ASPA1,O-methyltransferase acrG,acrG,Aspergillus aculeatus (strain ATCC 16872 / CBS 172.66 / WB 5094),374,MSPAKVSANDVPMHGNGFYSSNSALQHSAMLNALPLLAAAAAASKAKQQEEQENSRPFAILEFGSAHGNNSHTPITTVLKSRAPAPSREIHLQFNDRPTNDFSTLATNLTTMTWPVSNAIFTSLLPASFYSRVSPKGSVDVAFSLAALHHLDRVTPVPPEGPIPTHEVRQAEFRAQAHADLLSFLSHRAEEIVPGGGLVLSFVGQELGPNGEEITNYAGPVDACRSAMIDMLQAGVLSPAVANVFEVPAYNRTIADVRRTLAEGEVVAAWEVEEVFERKVVHPALQELEARREAAPGKEEEHAEWYARTVVDWLMAVVAGYFVKAVREGMGVTDQTVLDGLLAEWVERTRGRFLEGHRNEPVECWFVYVRLGRK,2.1.1.-,GO:0046872;GO:0008168;GO:0032259,2: Evidence at transcript level,,A0A1L9WQN9
A0A1P8VF93,PIGM_MONRU,O-acetyltransferase pigM,pigM,Monascus ruber,508,MTWRQTEPGIFVKDFDGAEKVYYKIFTSFKPLNREHWGIYAICTVNFGPSLNTDRVAILRSAWKALRITFPGLSLVPINVAKLYKVSDAQSVEEWAGQTFFVDAEKTPEEVIASAKPRDLPSLYYLPASSSVVFLSSHWRIDALGTCMLLDRFFSILEQPSLVEATPAPDERGKISPSLEDAAGSPRTSTEEMEKFAGEYIANFHKKAVQTSGFPFKGGPNTLPSNPAQEAVMFSPSSTKSLLAACKDRRISVTAAIHAALAETVFVLGMSESQAADFTTVMAVNLRPYLQPPYNSRDHACQTYVGSITPQVLRSKNFLERTASLMESYQGWYDGKLIKALRPIFKYHADALFAQRAPPPNPPSGVTLNSLGVIEKYFRSDYENGLKVERFHFGVTMMTRQTMLYAWTFRGQLTLSLNFNEAYYDGDVAKKILLHIKRVLEKELSVELDPVVEILPAKQMEHELSTKHRVVYLMIPRKVDDADNGFEGAILPGSAKPAVAGGEDANPL,2.3.1.-,GO:0016746;GO:0031409,1: Evidence at protein level,,A0A1P8VF93
A0A1U8QYW8,ALNF_EMENI,Acetyltransferase sirH,alnF,Emericella nidulans (strain FGSC A4 / ATCC 38163 / CBS 112.46 / NRRL 194 / M139),428,MADYVIQNLTSNLQAMQYAYSSREEMPVWATKLLTPIFMAVAVLTTLPPPGPLRVIVGLTAFTSLWLHVLTHWVSGPAFFMDAIFMISITVRWLLMFVAGTPEIDYHQTTQSGTTITHKGTKDSSTLRQGLTKLRWSVELWSCWRGQGWNFVDQHLPRGAERTQSRWEFLVSNAGRVLLNQYISDLVRKYAFCALWPAQVDAHVDFSSLPLLNRHGLVALQLIRDSLMLDSEYRKASILFVGLHLSTPDRWPSLFGNMRDLYTVRNFWGRVWHQIFRQIFTRCGDIVANALNAQKGTLLYKYSRLYVGFLVSGVQHYACALLIPSAEYGWGMFWQMPAYAAVVTVEDILKYYGREAGIQDGNFVRFLGYIWTAYWMTLIYALPVGFVSDIGGFTGDGNFQLSDPCVSCSSTSIPVSGFESIDLEFGLW,2.3.1.-,GO:0016020;GO:0008374;GO:0006629,2: Evidence at transcript level,,A0A1U8QYW8
A0A1V6NVX3,VERB_PENPO,Methyltransferase verB,verB,Penicillium polonicum,228,MHPSARLYNNIALWFYDYLVHSIFMVYGWHCPTKSVGLPFFSSHVGPKHMDVGVGTGYFPVAVRKSSRKRNGQLKPQWPQKLMLVDLNPNCTAMAATRVGAPDCTETLTADVLQPIPAAGKHETFDSLSLMNVLHCLPGTSESKAQAFGHLKPFLKEDGVLFGSTILGRGVEHNRFGRLVMWLSNSLGIFHNYGDHPDDFVRALQKDFNQVEHVVVGRVLLFTAKEPN,2.1.1.-,GO:0008168;GO:0032259;GO:0016114,3: Inferred from homology,,A0A1V6NVX3
A0A2I2F2J7,CFOD_ASPCN,Methyltransferase cfoD,cfoD,Aspergillus candidus,406,MASKRLETLCKSLTREVGRISSQTGRDDYDARRKVADIARELINETTHPSDVAAQYTINMAEMACLRMFQKWKLLDKIPASGSISYEDLSASINADKNLIARMGQMLVATGKLRQTSPSHVAHTRLSTAFAHRSPPAVWFSMSFDETLVPWTQWPRYFAKYGPRQPSGQTAVPMTFAEGADGELTCYEVIARGGPERMADFADGMQGIPELMPAAGIYDFAWVGEAVAEGEVDSDMPLIVDVGGNLGQALLEIIAHTESSIPPDRCVLQDRADVIAAADALDNPVLKKVRKMPVDYHQGQPLKGALIYYVRRCLHGFTDEVSIKLLKHLTAALPADPRARVLICEQITTTPPDPYTTMMDICMMNVGSKERSEDDFTNLVTAAGMKVIKFHRGEGVATHVIECARA,2.1.1.-,GO:0008171;GO:0009813;GO:0032259;GO:0044550,3: Inferred from homology,,A0A2I2F2J7
A0A397HQN2,ANKD_ASPTH,Cystathionine gamma-synthase-like protein ankD,ankD,Aspergillus thermomutatus,563,MGELGPASAQHGSDSISFSGSYTQPLGAPQPPNEPHAISVSLPTWEAVTAVMAGADWAICQLQTSYPRFDIHKCVRELHDAVLARFKHPAHTVCRAFPSPEAAERFVSRLQREDPILSVHTARFHLPHDAVPELAKWAAFSVVLFNESLEEVAFEFWEWFGDGISSRHAEFCLTQFSFLNTGSDQPEYQTVGQDSHDLSAMNLPEWIDSSTKDKMDIKSRLASSATSADPALKPMGNDDVLLYATGMAAISAIARALARTSDDSGAVVYGWPYSGTPHCVQGCGFKRYTMYGHGSKADLDSLETLLVSETRFTVLFCEITSNPQLSTPDLHRIRDLADRFGFIVVCDDTLGTSVNVDILPYVDVIITSLTKIFSGAGNVMGGSLMINPNSGHYSTLRALLTTTYEDLYFPLDAKTIARNSSDFAARVHKCNKSALQIANLLNSHASVESVNYPTMVPTAPLYERYRRPDGGYGFLLSVIFREPESAVLFYDKLDVWKGPTVGTNFSISIPYSALAHAKEQDWAASHGVPKHIVRLSVGLEDYGDLSERVNRALREVELREKMG,2.5.1.-,GO:0003962;GO:0030170;GO:0019346,1: Evidence at protein level,,A0A397HQN2
A0A3G9GUR6,CDMC_TALVE,Acetyltransferase cdmC,cdmC,Talaromyces verruculosus,417,MLSLEPLSRPVLDSSQTLLVIFLLAFTRQNSIFRYLSIPVLTFIVKEQITQPPAVVENFHQWLNESSVPFNYLHHINILALTSIDLRNDNNGVLPGLFDRIKSAFIYQLNPRGVGTRYQVKNIPPVPEYYKKRKGYLSQRYRFVVRQLCLFVWQYLIVDVGCSLWHNLPDQERFALFGPGTEWNIINAGPQQWKVRLMAAMIFWTTARNAVDLSHRLGSAVLTGIGATSVHEWPPMCGSLRDAYTLRNLWGKWWHQQLRWTLSSHSNFVTRRLLKLPRRSLLERYLNNAIVHVFSAFIHVNGWRLAGIPDGYIGPSLFYMSFVGGYLVEDFVQHIWATLFRSRSRTSTGIFFERLTGIFWVATFLTVTTPWWIYPLLRREHSFALPVSLVESVGMNNALAMIGVGAFILKTRFDANI,2.3.1.-,GO:0016020;GO:0016746;GO:0016114,1: Evidence at protein level,,A0A3G9GUR6
A0A478EC03,CGT_TALPI,UDP-glycosyltransferase,,Talaromyces pinophilus,462,MTVEEDKALYRLFDESDASTAEGRKGTFRALMKFHSWWPETYQNLKALVSDPAHRPNFILADLLADACIDIMNEFEIPLAVHYPQMPIQMAPQKYIPGMPGAQLKHLSSEHASLWDRLREEYHVLQLIFAMKDYILFQRKMRQEMGLGPRPPPRKPDYLVLVNSFFGLEVPKDLPPLMIPIGPVLADTFQPLDTAPELLHFLHVHRRVIYVAFGSHVELPAWRVHRLIKGLCQALESGDIDGVVWAWKDRASVLKELESEVGPIAKGNIDYYAILDNKDERFKIVGWAPQRAILDQPSVCLYLSHCGASSTMEAVYHGVPVVAMPVYGDQLANGKRLEAAGVGINMDRKNFTAEELSTNIQTLVHDKQGSFARNVLRLQRIASANSRRKHVAADRIEEVMYDAELSSSDRAGKDVARRPMHLQTPDCRMSWVKANNLDLYLVYIALLAVPLGVVRWISKNWL,2.4.1.-,GO:0016020;GO:0008194,1: Evidence at protein level,,A0A478EC03
A0A8D5M7V9,ESDPC_PENSH,Polyprenyl transferase esdpC,esdpC,Penicillium shearii,327,MAKASLDTLPRSVPQKRTAGDLAKDLFVLSRFNRYNPLLATFSGVWATLLAGASKRIDHPGSISTEYVFKQALLVFVGGYIFCGAGMVWNDWIDLNIDKQVARTKERPLAAGRITNTEALIWMMAQYIASWYLIAYTLDGHNVLEAMIPVTISTILYPFGKRSFFKTIYFYPQYFLGFTLGYPSVIGWLAIKGQDQSLQDNIMESFALGTTVFTWVLYLNTAYSYQDIEGDKKANVNSVYFLAGSYIHYFLVFLAALVLGATSLQLKAQASQWLWGSWLSVWGYSFASQLSRFSAKDPSSGGTLHKENFALGVWTVFACAVELLLKS,2.5.1.-,GO:0005886;GO:0016765;GO:0016114,1: Evidence at protein level,,
A1C603,RIFK_ASPCL,Riboflavin kinase,fmn1,Aspergillus clavatus (strain ATCC 1007 / CBS 513.65 / DSM 816 / NCTC 3887 / NRRL 1 / QM 1276 / 107),214,MRPDGPRDPVVGPDSGPEPPYPVRLSGPVIKGFGRGSKELGIPTANIPAEELAEHPDLQVGVYYGVVALDPAKFQYHGDASRKGEDSQAAILPAVLSIGYNPFYKNKTRSIEIHIMPPLSSPSPTAEVTTQGQGHGQVKFHKLPDFYGTQLKLLILGYIRPEFDYVSLEALVEDIRVDCEVARASLQRPAYERYLAGGQGLDAVEKQRRWLVSF,2.7.1.26,GO:0005739;GO:0005524;GO:0046872;GO:0008531;GO:0009398;GO:0009231,3: Inferred from homology,,A1C603
A1CJM9,MOC2B_ASPCL,Molybdopterin synthase catalytic subunit,cnxH,Aspergillus clavatus (strain ATCC 1007 / CBS 513.65 / DSM 816 / NCTC 3887 / NRRL 1 / QM 1276 / 107),198,MASQPPQEPTPTATSTPSTSALASLPPHLDPTTYPRTLTSPTHNIHLELTYSPLNPSQALTHTSSPAAGANVLFLGTTRDTFEGRAVSQLSYTCYPPLALKTLLDIATKAAEKFRLEGVYIAHRLGVVPIQESSIVVAVSAGHRGMAWRAGEEVLEEVKARLEVWKREEFVDGGMEWRENRERDAEGKVVAEKQEERE,2.8.1.12,GO:1990140;GO:0030366;GO:0006777,3: Inferred from homology,,A1CJM9
A1CPG7,HOG1_ASPCL,Mitogen-activated protein kinase hog1,hog1,Aspergillus clavatus (strain ATCC 1007 / CBS 513.65 / DSM 816 / NCTC 3887 / NRRL 1 / QM 1276 / 107),365,MAEFVRAQIFGTTFEITSRYTDLQPVGMGAFGLVCSARDQLTGQPVAVKKIMKPFSTPVLSKRTYRELKLLKHLRHENIISLSDIFISPLEDIYFVTELLGTDLHRLLTSRPLEKQFIQYFLYQILRGLKYVHSAGVVHRDLKPSNILINENCDLKICDFGLARIQDPQMTGYVSTRYYRAPEIMLTWQKYDVEVDIWSTGCIFAEMLEGKPLFPGKDHVNQFSIITELLGTPPDDVIQTICSENTLRFVKSLPKRERQPLANKFKNADPDAVDLLERMLVFDPKKRIRATEALAHEYLSPYHDPTDEPEAEEKFDWSFNDADLPVDTWKIMMYSEILDFHNIDQGNDASQALAEGLGQGQQNFA,2.7.11.24,GO:0005737;GO:0005634;GO:0005524;GO:0004707;GO:0106310;GO:0051403,3: Inferred from homology,,A1CPG7
A1DDZ3,ALG3_NEOFI,"Dol-P-Man:Man(5)GlcNAc(2)-PP-Dol alpha-1,3-mannosyltransferase",alg3,Neosartorya fischeri (strain ATCC 1020 / DSM 3700 / CBS 544.65 / FGSC A1164 / JCM 1740 / NRRL 181 / WB 181),411,MDLKHTLRDLCMNPRHTRWVAPLLILGDAVLCALIIWKVPYTEIDWTTYMQQISLYISGERDYTLIKGSTGPLVYPAAHVYIFNILYHLTDEGRDIFLGQILFAILYLATLTVAMTCYRQAGAPPYLLVPLVLSKRLHSVFMLRLFNDGFAAYAMWVSILLFMNKKWTAGAIVWSTGVGIKMTLLLLAPAIAVVLVLSLSLGPSMQLGFLAVLIQVLFGIPFLQNNPAGYVSRAFELTRQFMFKWTVNWRFVGEELFLSRKFSLALLALHILLLGLFVATVWLKPSGSDLPSFLQRLIQRRYRTASLSKSFIMTAMLSSLAIGLLCARSLHYQFFAYLACATPFLLWQAGFHPILVYVVWVAQEWAWNTYPSTNASSLVVILSLAAQVFGVLGNSFSRKHLDQSSQKEHLQ,2.4.1.258,GO:0005789;GO:0052925;GO:0006488,3: Inferred from homology,,A1DDZ3
A1DH62,NAGS_NEOFI,"Amino-acid acetyltransferase, mitochondrial",arg2,Neosartorya fischeri (strain ATCC 1020 / DSM 3700 / CBS 544.65 / FGSC A1164 / JCM 1740 / NRRL 181 / WB 181),716,MSPHTGWPRTVNSSLLKKHRSSLCTCQHTSSFLPRSFSTTADRHVQQSADFSSTSRSYDRLGRRAKEKLLDREFFLSLLSSASTKREAKSYLARLKAQYPKSPDENKPEPEKLATAPTLPSGVNLGSFYGASRSVYESPVFRQGPSPTAPPSLEPVERLHLALVRLSTPQSLDDNIIDGVAKTLSQLNRLGLTCCVVVDPGTEGVASTLRQVAIEQADRLAVAIQKQPDSKSLRLDSVFSIDASRPGLPQVSSRKALLNPLRHGHTVILTPIAYTEDVPRAIIVPANDAVLALTKELAGLASTPDPDEDPMVTAERIGRLQKEVSLDRVILLDSLGGIPAFNRRQTSHVFINMEQEYDDIENELLQAREMVPATETSLLKAGPSSIADNNPVSKFVNAEVVPVPSGPTQELKTAAPQRSAIEGHLENLRVAQKALTMLPAASSGIITSPFEVASSAQPSPTSEFSAVGTRRQRNPLIHNLLTDKPLLSSSLPMSRRGPTNNGQGTVYPVTSHTTFVKRGMPLTMLPNPWTEPWTPQSRPRLKLDDPSIDLPRLVHLIEDSFDRKLDVQDYLNRVNDRLAGLIIAGEYEGGAILTWELPPGVEDDGSEASNARMVPYLDKFAVLKRSQGAGGVADIVFNAMVRSCFPNGVCWRSRKNNPVNKWYFERSLGTWKLSDTNWTMFWTTPSLVEDSQKFRDYEAVCRSTQPSWADDTGVVD,2.3.1.1,GO:0005759;GO:0004042;GO:0006526;GO:0006592,3: Inferred from homology,,A1DH62
A2RA94,ALG3_ASPNC,"Dol-P-Man:Man(5)GlcNAc(2)-PP-Dol alpha-1,3-mannosyltransferase",alg3,Aspergillus niger (strain ATCC MYA-4892 / CBS 513.88 / FGSC A1513),409,MDWMRLIRDLCFNPRHTKWMAPLLVLGDAFLCALIIWKVPCKATAKLRSHPFATRERDYTLIRGSTGPLVYPAAHVYSYTALYHLTDEGRDIFFGQILFAVLYLITLVVVLCCYRQSGAPPYLLPLLVLSKRLHSVYVLRLFNDGLAALAMWVAILLFMNRKWTAAVAVWSTGVAIKMTLLLLAPAIAVVTVLSLSLGPSVGLGVLAVLVQVLLAIPFLQNNPAGYLSRAFELTRQFMFKWTVNWRFVGEEVFLSKSFSLALLAVHIVLLGAFAVTGWLRYSRSSLPAFIRNLLAGRHRTVSLPKPYIMSVMLSSLTVGLLCARSLHYQFFAYLSWATPFLLWRAGFHPILLYLIWAMQEWAWNTFPSTNLSSIIVVLSLATQSFGVLANSASAFYTMRSNPSGKEHNQ,2.4.1.258,GO:0005789;GO:0052925;GO:0006488;GO:0006487,3: Inferred from homology,,A2RA94
A6R040,ARGJ_AJECN,"Arginine biosynthesis bifunctional protein ArgJ, mitochondrial",,Ajellomyces capsulatus (strain NAm1 / WU24),471,MKNPKPFGVVAGFVRLHKSSLGQARYYSIPNDVSIPASKRKFIPSSGTYPKGFLVACAHAGVKESNTQFPDVALICSETPCSAAAVFTTNKFQAAPVQVSKQVLEKRQGAGIRGVVINSGCANAVTGKGGLEHAKMMSAKVDECNGTPSTGPQDTSTLVMSTGVIGQRLPIKKILDAIPTAHSNLASTHSTWLATARAICTTDTFPKLLSRPFTLPSSPNRQYCLAGMTKGAGMIHPNMATLLGILCTDVPISPSALKALLTHAVSRSFNAISIDGDTSTNDTIALLANGAAGGEAITTTSSPDYAAMQTILTSFAQSLAQLVVRDGEGATKFIMVRVCNSPSHADAKVIASTIARSPLVKTALYGKDANWGRILCAIGYAQGIAEGTVVPERTSVSFRPVDGSAELKLLVNGERKAWNESRREDLADEDLEIVLIWCRQKGEKGLGGGGGVVLVCDFSHEYVTINGDYRT,,GO:0005759;GO:0004358;GO:0004042;GO:0006526;GO:0006592,3: Inferred from homology,,A6R040
A6RHI1,KAD2_AJECN,Adenylate kinase,ADK1,Ajellomyces capsulatus (strain NAm1 / WU24),277,MAPIKDETIDGLKSIISELESRVVQLEGRLLHGGGSSQPKSITDSVRMILMGPPGAGKGTQAPKIKDKFCVCHLATGDMLRSQVARKTELGKEAKKIMDQGGLVSDEIMVNMIKHELENNKECQNGFILDGFPRTVAQAERLDSMLNSRGQKLQHAVELQIDDSLLVARITGRLVHPASGRSYHKIFNPPKEAMKDDVTGEPLIQRSDDNADALKKRLKTYHSQTEPVVGYYKTTGIWRGIDASQEPGQVWKSLLQVFDADKAASSSGILDKIGLSK,2.7.4.3,GO:0005829;GO:0005758;GO:0004017;GO:0005524;GO:0006172;GO:0046033;GO:0046034,3: Inferred from homology,,A6RHI1
A9JPE1,ATMD_ASPFL,Indole diterpene prenyltransferase atmD,atmD,Aspergillus flavus,435,MSTPKSDTCSPHQALARGMGFKNHHERLWWATFGPLLEKLLALCNYPVSLQYQHLSFIYHHLLPYLGPYPTVENGFAWKTAYSPDGTPAEVSLNFDGPKKTVRMDHVPISQWSGTPKDPFCQNVALELTKSLAGTLPDFTWDWFNHFVQTMFIPEPATDVVLAREPPNFRRMAMQSVNGCDLLTAGVRVKPVFNALWKSIETGIPHDKLLFDSIRNNTELFGAYLPALQVIEDYCQSDRAKEFQTRGCFLSFDATSIKDARLKVYLHGPQTAYMKVEDAFTLGGRLSNPNIQTGVKELRKLWYAVLNLPSDFPESEDLPATDDLYQGWLVNYELRPNNPVPEPKVYIPVAINNKDQDSIVQGLQEFFDRHESMDVRDYRDIFETLFLDAKNPTGIHHFITFSYKAHPYVTCYYKPHLEPVPAKELEESDVKGLSK,2.5.1.-,GO:0016765;GO:0009820,1: Evidence at protein level,,A9JPE1
B0XYY2,LIPA_ASPFC,"Lipoyl synthase, mitochondrial",,Aspergillus fumigatus (strain CBS 144.89 / FGSC A1163 / CEA10),414,MAVSTSHFRSLCASRPLSRTAIVGHISCRSYATTEPSPSATSTSTTTTARRRTTFKDKLNAGPSFADFVGNGNTPLDPSEAYALKTALVGPAGRKKEMTRLPSWLKTPIPDSKNYQRLKKDLRGLNLHTVCEEARCPNISDCWGGSDKSAATATIMLMGDTCTRGCRFCSVKTSRTPAPLDPHEPENTAEAISRWGLGYVVLTSVDRDDLADGGARHFAETVMKIKQKAPSILVECLTGDYAGDLEMVKLVARSGLDVYAHNVETVEALTPQVRDRRANFQQSIRVLEAAKNAQPSLITKTSLMLGLGETDDQLWDALRQLRAANVDVVTFGQYMRPTKRHMAVHEYVTPDRFELWRQRALDMGFLYCASGPLVRSSYKAGEAFIENVLKKRRATSGGTETVGVRPVTVDEVTR,2.8.1.8,GO:0005739;GO:0051539;GO:0016992;GO:0046872,3: Inferred from homology,,B0XYY2
B6HQD4,ARGJ_PENRW,"Arginine biosynthesis bifunctional protein ArgJ, mitochondrial",,Penicillium rubens (strain ATCC 28089 / DSM 1075 / NRRL 1951 / Wisconsin 54-1255),485,MATSLARMLKGQVRCYSAPLDMAIPASKQRYIPTTGTYPQGFQVSGTHVGVKASNTRFPDLALIASDTPCSAAAVFTTNKFQAAPVQVSRKTLQSRKGDGIRAVVINSGCANAVTGKGGLEDAVQMGRKVDECSGVENDSSLVMSTGVIGQRLPISKILDRIPTAHSTLASTHEAWLNTARAICTTDTFPKLLSRTFTLPSSPDRSYRLAGMTKGAGMIHPNMATLLGVLCTDAAVEPAALQSILKHAVSRSFNSISIDGDTSTNDTIAVLANGAAGGETVRAPGASASADYTALQGVVTDFAQELSQLVVRDGEGATKFVTVRVRNSPDYESGRMIASTIARSPLVKTALYGKDANWGRILCAVGYTQGVAEGTVVPERTSVSFRPVDGSEVLKLLVNGEPETVDEQRASVILQNEDLEIEVDLGGGEQGAAGCGGEDAVYWFCDFSHECIPAFAVDIIESREISGLKAFGSENAYIYEEEPLK,,GO:0005759;GO:0004358;GO:0004042;GO:0006526;GO:0006592,3: Inferred from homology,,B6HQD4
B6QS64,NAGS_TALMQ,"Amino-acid acetyltransferase, mitochondrial",arg2,Talaromyces marneffei (strain ATCC 18224 / CBS 334.59 / QM 7333),724,MSLQSSRVLLHRKHDWSTCRNLPARWWSHPRSYHQESQHADRKPASASASAWTEPLSKSHSRSSGRQRAREKMADKEFFLSLLTSATTKREAKAYLSRFPSVKKTKLPMTPKKEAAVELQPPKEIEKPGVNLGSFYGPTRSVLQTPVFRQGSTPEIETAINLDEALHVALVKLTDAQSLDDETIHGVALTLSQLTRLGMASCVVVDPGPVKDATTWRKAAAEQADRLSAAIDACDGGKARRLDSVLVRNKDGEVPKVISRQVLLRPLRKNHIVVVTPVAYSEQTCKASSVASNDVMIALTRELAGLERKHDPDEDPRVTAENFAALQKEISVDRLIVLDPVGGIPAFKGPQRAHVFVNMEQEFRGIETELQEAMASLEGYVDPGTESDLSAAAMKSNPISKFVATEVTRMPTRPQHKPLPVNGGVMNSAIKEHVENLRLLQQTLTLLPPSSSGIITTPTDVANSARPQQDILSVSQVGTRSSKNLLIHNLLTDKPAYSSSLPSERLGRTTPSIVQSTFLKRGMPLTILPDPRITPWSPNSPDSRHLTLDDPRIDLSRLVHLIEDSFNRKLDVQDYLNRVNGRLAGLIIAGEYEGGAILTWETPPSIPESERNNPENLPRLVPYLDKFAVLKRSQGAGGVADIVFNAMVRTCLPQGVCWRSRMDNPVNKWYFERSRGTWKLDGSNWAMFWTTPGVPEEDSLRFKDYEAVCRSIQPSWADKKAVDD,2.3.1.1,GO:0005759;GO:0004042;GO:0006526;GO:0006592,3: Inferred from homology,,B6QS64
B8M9V7,ARGJ_TALSN,"Arginine biosynthesis bifunctional protein ArgJ, mitochondrial",,Talaromyces stipitatus (strain ATCC 10500 / CBS 375.48 / QM 6759 / NRRL 1006),470,MMILTKTGPLGPVTNSFIIATTRRGQIRLYNILQDTTIPEPKRKHIPSSGTYPKGFRVSGTHVGVKAANTKYPDLALISSDEPCTAAAVFTTNKFQAAPVQISKLTLDQRKGKGIQSVVINSGCANAVTGKGGLEDAQSMASKVDECNGISEPSTLVMSTGVIGQRLPISKILDKIPTAYSNLANTHNAWLATARAICTTDTFPKLISQTFTLPSSPGITYSLAGMTKGAGMIHPNMATLLGVLCTDAPVDASAMKPLLLQAVSRSFNSISIDGDTSTNDTIAFLANGAAGGQPVTSSSADYTALQKVLTSFAQSLSQLVVRDGEGATKFVTVRIQNSPCYESARRIASTIARSPLVKTALYGRDANWGRILCAVGYADGVTEGTVIPERTSVSFKPVDGSPVLRLLVNGEPEVVDEERASAILQDEDLEIIVDLGGGSKGEKGLGGEEAVYWFCDFSHEYVTINGDYRT,,GO:0005759;GO:0004358;GO:0004042;GO:0006526;GO:0006592,3: Inferred from homology,,B8M9V7
B8NHE3,FLVH_ASPFN,Methyltransferase flvH,flvH,Aspergillus flavus (strain ATCC 200026 / FGSC A1120 / IAM 13836 / NRRL 3357 / JCM 12722 / SRRC 167),178,MSEFIPTWKQPSHPETLQVIKGATPYTASARSLVALPAGALFSKITTAIPAPKKTYTSVQTGPGLNIELMSDLVYCNHSCSPSLEFDMSTFEVRVSRDRPLSVGDELTFFYPSTEWDMVQPFNCFCGSQNCLGLIAGSQDMEASVLSRYWLNPHVKDLLAGKQMTVAPESTEEISLKA,2.1.1.-,GO:0046872;GO:0008168;GO:0032259;GO:0016114,1: Evidence at protein level,,B8NHE3
B8NI24,IMQG_ASPFN,O-methyltransferase imqG,imqG,Aspergillus flavus (strain ATCC 200026 / FGSC A1120 / IAM 13836 / NRRL 3357 / JCM 12722 / SRRC 167),247,MTATTTTTSQIFVSEDYNQDPNWYAVDNYTLSHLQPPTRPNHASLHQTLENSAKRGLEDISAFPTQAKFMALQCQLGGVKHALEVGTLGGYTAIYIASLNPDIRIVSIEIDPKSAEVAKENIAAAGYQDRIEVLVGAAIDLLPILQAKVENGEQERFGFTFIDANKDNGWDYFDYAVKMSRPRASIIVDNVVRAGKLVQEDYIKNDINVRGSRRTVENVGKDDRVDAVVLQTLSEKSYDGFLMAVVK,2.1.1.-,GO:0046872;GO:0008171;GO:0008757;GO:0032259,2: Evidence at transcript level,,B8NI24
B8NM78,USTM_ASPFN,Methyltransferase ustM,ustM,Aspergillus flavus (strain ATCC 200026 / FGSC A1120 / IAM 13836 / NRRL 3357 / JCM 12722 / SRRC 167),296,METILSSCLYDPNLKTKFYIPRFTHRLLIAHAWGITPGQKILDIGCGQGESCLVLAHLVGRTGHITGIDIAQPEYGSPYTVKESHDYVRKSELGSRITFLRSDTPSFLRDLHRPAREVFDSVALFHSLWYFPNSQSVYDLFRTLAVDAQAPRVYLCEYSYEISLEEQNVHALAAQTQRLFYRYRRPRAPGDLEQNVRAGLDQASILEAARGAGYRVVRDGKVTPDPSFLEGHFEVQYVEGEKFMRRVKEEALTEAQESEILASLARLREVHEEWKRAGHETVRNLDIWWAVLELGA,2.1.1.-,GO:0008168;GO:0032259,1: Evidence at protein level,,B8NM78
B8NR70,DTPB_ASPFN,N-methyltransferase dtpB,dtpB,Aspergillus flavus (strain ATCC 200026 / FGSC A1120 / IAM 13836 / NRRL 3357 / JCM 12722 / SRRC 167),357,MVKNNAGIVNMFEKRRTQTTTIPIIEIMREKRSEDLETEIVQGLQFDSLQLPQELLWDDAGQILFDDLCNSSTYYLTKKEKEILQKYSTDMAATIPEGSTLIELGCGSLRKTGILLSALEKSHKAVTYYALDVSQDSLENGLAQLHKGLGCLDHVELRGLWGTYEDAIAWLADQHPINVHNGITFLWMGNSMTNMHLAQAQSLLSRMTKTCIGSGIPCQILVSVDSCSAEDIVMGAYDTDSQPLKDFIMNGLKSANRILGKDVFCASDWTFGTVLDRVRHEVQVFYAPTRDVTIHIDSHPCKITKGEKIAVISSGKWPEPYFRSMLEGIGLQVLDLWRDSDQFYCMNPLPLICSFPG,2.1.1.-,GO:0008168;GO:0009820;GO:0032259,1: Evidence at protein level,,B8NR70
B8NUL8,LIPA_ASPFN,"Lipoyl synthase, mitochondrial",,Aspergillus flavus (strain ATCC 200026 / FGSC A1120 / IAM 13836 / NRRL 3357 / JCM 12722 / SRRC 167),415,MAASTNRLRFLYSSARTVPQTGSITPISRRTYATTEPSPSATGAPATARKRTNFTDKLNAGPSFADFVSGGEDNTPLEPSEAYALKTAMVGPAGRKKEMTRLPSWLKTPIPDSKNYQRLKKDLRGLNLHTVCEEARCPNISDCWGGSDKSAATATIMLMGDTCTRGCRFCSVKTNRRPPPLDPHEPENTAEAISRWSLGYVVLTSVDRDDLADGGARHFAETVIKIKQKKPSMLVECLTGDYLGDLEMVKLVARSGLDVYAHNVETVEALTPFVRDRRATFQQSLRVLEAAKQARPDLITKTSLMLGFGETEEQLWDALRQLRSVGVDVVTFGQYMRPTKRHMPVHEYVTPDQFELWRQRALDMGFLYCASGPLVRSSYKAGEAFIENVLKKRRAAGTAGESVTDSKAAVDEATR,2.8.1.8,GO:0005739;GO:0051539;GO:0016992;GO:0046872,3: Inferred from homology,,B8NUL8
B9WZX3,FTMB_ASPFM,Tryprostatin B synthase,ftmPT1,Aspergillus fumigatus,464,MPPAPPDQKPCHQLQPAPYRALSESILFGSVDEERWWHSTAPILSRLLISSNYDVDVQYKYLSLYRHLVLPALGPYPQRDPETGIIATQWRSGMVLTGLPIEFSNNVARALIRIGVDPVTADSGTAQDPFNTTRPKVYLETAARLLPGVDLTRFYEFETELVITKAEEAVLQANPDLFRSPWKSQILTAMDLQKSGTVLVKAYFYPQPKSAVTGRSTEDLLVNAIRKVDREGRFETQLANLQRYIERRRRGLHVPGVTADKPPATAADKAFDACSFFPHFLSTDLVEPGKSRVKFYASERHVNLQMVEDIWTFGGLRRDPDALRGLELLRHFWADIQMREGYYTMPRGFCELGKSSAGFEAPMMFHFHLDGSQSPFPDPQMYVCVFGMNSRKLVEGLTTFYRRVGWEEMASHYQGNFLANYPDEDFEKAAHLCAYVSFAYKNGGAYVTLYNHSFNPVGDVSFPN,2.5.1.106,GO:0004659;GO:1902181,1: Evidence at protein level,,B9WZX3
B9WZX7,FTMH_ASPFM,"12-alpha,13-alpha-dihydroxyfumitremorgin C prenyltransferase",ftmPT2,Aspergillus fumigatus,427,MTIPTEISCPEEDAFQLLDKFSWFPSDDQRRWWEYTGPYLLKLLRDAKYPQKDQVPCLYLLQQLLVPYLGTFPVVGQAPLPWWSNVTTYGVPFELSWNLLHNIVRIGFEPLSHLAESGVDAFNKTAPEECVSRLACLDNTIDLARFRHFQHHLLVTPEEETWLLREKAPLPKSGRGQQTLAVEFQNGGISAKAYFFPGMKSLATGLSPGKLILDSIERLALPGLKEPVHHLRSTLGLQDDGHPTDTAIAPFLLGVDLCTPERSRLKFYVTDQVVSWDRVADMWTLRGKRLEDPQCADGLALLRKLWDLLAIPEGYRSNIRPDFAFGTPPPEDYRPVMMANWTLSPKKKFPDPQIYLLTVGMNDAVVMDALVAFYEVLGWTDLASTYKDKVASYFPGPDFTKTNYIHSGVSFSYRHSKPYLSVYYSPF,2.5.1.110,GO:0004659;GO:1902181,1: Evidence at protein level,,B9WZX7
C0NXP6,LIPA_AJECG,"Lipoyl synthase, mitochondrial",,Ajellomyces capsulatus (strain G186AR / H82 / ATCC MYA-2454 / RMSCC 2432),430,MATSAGKLRTLYSAHSSLSSLPPSARPTLQLATLRSYATTTPHDSPIGNTSNTPPTVKRPATAFKDKLNAGPAFSDFVSGKKDEPLDPAEAYALKTALVGPPGRKKEITRLPPWLKTAIPDSSNYKRIKNDLRGLNLHTVCEEARCPNIADCWGGSSKSAATATIMLMGDTCTRGCRFCSVKTSNKPPPLDPHEPDNTAEALSRWGLGYVVLTSVDRDDLADGGARHFAETVMKIKQKAPNILVECLTGDYAGDLDMVALVANSGLDVFAHNVETVEALTPFVRDRRASFQQSLRVLKAAKAAKPELITKTSLMLGLGETEAQLWDALRALRAINVDVVTFGQYMRPTKRHMAVHEYVRPDVFDLWKERALEMGFLYCASGPLVRSSYKAGEAFIENVLKKRRGENAGSVNEKVTTSENVKKLVAGEAMM,2.8.1.8,GO:0005739;GO:0051539;GO:0016992;GO:0046872,3: Inferred from homology,,C0NXP6
C0SCV8,ARGJ_PARBP,"Arginine biosynthesis bifunctional protein ArgJ, mitochondrial",,Paracoccidioides brasiliensis (strain Pb03),473,MKAHQSLHVVAGFVRFPMSKTGQSRCYSILKDISIPASKQKFVPSSGTYPKGFLAAGAHAGVKESNTQFPDVALICSETPCSAAAVFTTNKFQAAPVQVSKQVLEAREGADITGVVINSGCANAVTGKGGLEDAKSMSAKVDECNGTPSTSSKRPSTLVMSTGVIGQRLPIEKILNTIPVAHSSLSSTHKAWLTAARAICTTDTFPKLLSRTFTLPSSPNHTYRIAGMTKGAGMIHPNMATLLGILCTDVPISPAALKLLLSHAVSRSFNCISIDGDTSTNDTVALLANGAAGGQTITTPSSPNYAAMQTVLTSFAQSLAQLVVRDGEGATKFVTVRVLNSPSQADARAIASTIARSPLVKTALYGKDANWGRILCAIGYTQGIQAGTVVPERTSVSFKPVDGSEELKLLVNGEPEIVDEERAARILQDEDLEIVVDLGGGERGEEGMGGEEGIYWFCDFSHEYVTINGDYRT,,GO:0005759;GO:0004358;GO:0004042;GO:0006526;GO:0006592,3: Inferred from homology,,C0SCV8
C5FHS6,ARGJ_ARTOC,"Arginine biosynthesis bifunctional protein ArgJ, mitochondrial",,Arthroderma otae (strain ATCC MYA-4605 / CBS 113480),476,MAPKQIRTIGQVSQYVCLLSKPVSPVSGQVRQFTSPVDASIPASKQKFVPSSGTYPKGFKVSGSHAGVKASNTSAPDLALVWSEEPCSAAAVFTTNKFQAAPVQVSSELIRKRNGNGIRGVIVNAGCANAVTGKKGLQDARSMSKKADECNGLKEEDSSTLVMSTGVIGQLLPIERILNKVPEAQSNLASTHAAWLRTARAICTTDTFPKLTSRSFSLPSSPDRTYSIAGMTKGAGMIHPNMATLLGIICTDAPIEAPVLQSLLSHSISRSFNSISVDGDTSTNDTVAILANGAAGGTPISSTGSKDYTAMQSILTQFTQSLAQLVVRDGEGATKFVTVRVKNSPSYTDAKCIASTIARSPLVKTALYGKDANWGRILCAVGYTPDLTPGTVVPERTSVSFKPADGSAELKLLVNGEPESVDEGRASSILQHEDLEIVVDLGGGASGEAGRGGEDAIYWFCDFSHEYVTINGDYRT,,GO:0005759;GO:0004358;GO:0004042;GO:0006526;GO:0006592,3: Inferred from homology,,C5FHS6
C5GPL2,LIPA_AJEDR,"Lipoyl synthase, mitochondrial",,Ajellomyces dermatitidis (strain ER-3 / ATCC MYA-2586),430,MAASTGKLRTLFSAHSSLSARPSSALPALRLTILRSYATTTPPDSSISDPSNSSTTVKRPPTAFKDKLNAGPAFSDFVSGKKDEPLDPAEAYALKTALVGPAGRKKEITRLPSWLKTPIPDSSNYKRIKNDLRGLNLHTVCEEARCPNISDCWGGSSKSAATATIMLMGDTCTRGCRFCSVKTSNKPPPLDPHEPENTAEALSRWGLGYVVLTSVDRDDLADGGARHFAETVLKIKQKAPNILVECLTGDYAGDLEMVALVANSGLDVYAHNVETVEALTPFVRDRRATFQQSLRVLKAAKATKPELITKTSLMLGLGETEAQLWDTLRALRAIDVDVVTFGQYMRPTKRHMAVHEYVRPDVFDMWKERALEMGFLYCASGPLVRSSYKAGEAFIENVLKKKRGKNVGSASGKGTTSENVEKLVAGEAVR,2.8.1.8,GO:0005739;GO:0051539;GO:0016992;GO:0046872,3: Inferred from homology,,C5GPL2
C6HLY2,LIPA_AJECH,"Lipoyl synthase, mitochondrial",,Ajellomyces capsulatus (strain H143),430,MATSAGKLRTLYSAHSSLSSLPPSARPTLQLATLRSYATTTPHDSPIGNTSNTPPTVKRPATAFKDKLNAGPAFSDFVSGKKDEPLDPAEAYALKTALVGPPGRKKEITRLPPWLKTPIPDSSNYKRIKNDLRGLNLHTVCEEARCPNIADCWGGSSKSAATATIMLMGDTCTRGCRFCSVKTSNKPPPLDPHEPDNTAEALSRWGLGYVVLTTVDRDDLADGGARHCAETVMKIKQKAPNILVECLTGDYAGDLDMVALVANSGLDVFAHNVETVEALTPFVRDRRASFQQSLRVLKAAKAAKPELITKTSLMLGLGETEAQLWDALRALRAINVDVVTFGQYMRPTKRHMAVHEYVRPDVFDLWKERALEMGFLYCASGPLVRSSYKAGEAFIENVLKKRKGGNAGSVNEKVTTSENVKKLVAGEAMR,2.8.1.8,GO:0005739;GO:0051539;GO:0016992;GO:0046872,3: Inferred from homology,,C6HLY2
D2YW48,GST_COCIM,Probable glutathione S-transferase,,Coccidioides immitis (strain RS),231,MTTPNFELYGYFRSSCSGRLRIAFHLKSIPYTRHPVNLLKGEQHSDTYKSLNPTNTVPLLVVSNINNTVSPSSASFSIGQSLAALEYLEEALPTNARPLLPPISNPVARAHVRTICNIIACDVQPVTNLKIQKKVKALDGDPTVWSRDLATQGFGAVEKLLELSAGRFCVGDEITLADVCLVPAVWAAERVGMDLARFPITKRVFEEMLKEEAVQKAHWQKQEDTPEDLRA,2.5.1.18,GO:0005739;GO:0004364;GO:0016034;GO:0006749;GO:0006559,1: Evidence at protein level,3LG6;3N5O,D2YW48
D4D447,EASF_TRIVH,4-dimethylallyltryptophan N-methyltransferase easF,easF,Trichophyton verrucosum (strain HKI 0517),340,MGSINPPQILDIRRSKFEESIPKQVEAGLLSSPKTLPALLFYSTEGIQHWNRYSHASDFYPRHEEIQILKDKATDMAASIADGSVVVDLGSASLDKVIHLLEALEAAQKKVTYYALDLSFSELTSTLQAIPTDQFVHVQFSALHGTFDDGLQWLKETLVIRDQPHCLLLFGLTIGNFSRPNAAKFLHNIASHALVESPSQSSILLTLDSCKVPTKVIRAYTAEGVVPFALESLKYGNTLFQQDAGENVFDPEDWYFLSEWNYVLGRHEASLVPRSKDIKLGRPLDKIVVGKHEKVRFGCSYKYDSEERKELFGTAGLRDVKSWSKEGCDVAFYQLKCCPN,2.1.1.261,GO:0008168;GO:0035835;GO:0032259,3: Inferred from homology,,D4D447
D4D802,LCPS_TRIVH,Bifunctional lycopene cyclase/phytoene synthase,,Trichophyton verrucosum (strain HKI 0517),595,MGLDYLMVHVKYNIPPALLLTILYKPFFTRLEVYKIVFLCTIAVVWTTPWDSYLIRTRVWSYPADSVIGHTIFRIPLEEAFFFIIQTYNTSLIYILFNKRLILLPYLSGPIKPLTQGLFGTVALRTWRDFGILFFTGISVLGISCIRAGGEYMYLGLILSWISPILLLQWPLMYRFLLGLPPASLWVPIVLPTLYLWIVDTLALRRGTWVIESGTKVDIQLWDGLELEEALFFLVTNVMIVLGIAGMDNAIALFEYKAFVSTTAVGETPSIPRLLTLFFTRSRRYCDTNVLREMSQAVTLLKQKSQTMYLGSAMFEGQLRLDLVALYSFCRKADDLIDDAPNRATAQYWIKQCEKALELRFKLKGAALDNTAAYQQLTKSIPPQLHAAVHLLPASRLPKGPLSDLLKGFEIDMKFDSERGIFPIATEHDLEVYAYHVAGTIATLLLELVFRHHPVSISDSERLRVISAGEGMGRALQYTNIARDIVRDAEIGRVYIPSVWLAEQGLTPSMVVNQPRNPKLIPLRRRLLDKAEKCYRDTQEAISELPANVRAPVRATVTVYMDIGQVIRENEMKVWNGKLKVSRWRRFKGAWLAMS,,GO:0016020;GO:0004311;GO:0016872;GO:0045436;GO:0051996;GO:0016117,3: Inferred from homology,,D4D802
D7PHZ4,VRTC_PENAE,Prenyltransferase vrtC,vrtC,Penicillium aethiopicum,483,MGDATATEVFPVMDSIAVAMGDVESQLRVFHNVSRFLPTDDANQVFWWRTTGRHFAIMMHEARYSEARQVELLLFYRFVIAPRLGPRPTSATPWFHSRVAPGIGDGSPIGYSWRWGTGPDTKPLIRHYIEAIGPLTGTTADPLNEFAAKEMLYQLGQLVPGVELPLAWKFAAHIRPSLTDEPTRAVAGSSILIGLQCAPESAGIEVMAGLMTRSPAQVPELLHSIFPRAMRDAYGPDASLDGLNMVRDFVCHDPQGQYLTILGTTAIDCCAAASSRFKVYVTTTNTSFAHLAAVMTLGGRKPEAPESLTQLQELWYALKGLDPEFPVTAEPLSSVCGAANGTASGNPNANVSGVTFYFDIHPKYPFPHIKLQVDISKHTISDLGAINAVTEFLARRGQAADAQAYLNVVRAMVPDEELRTRRGLQAFFAFAFKNGAVDITSYFLPQIYRRYAEVQAELEPRKDCQGRSELSSKLQRRSRFDSY,2.5.1.-,GO:0004659;GO:0009820;GO:0016114;GO:0140872,1: Evidence at protein level,,D7PHZ4
F1DBA7,MPAA_PENBR,Polyprenyl transferase mpaA,mpaA,Penicillium brevicompactum,315,MTNAVEDSGPRDLLFLLISTSRFNRYMPYYTMMAAESLSIEFILYKAGLCFVHCLLLCGAGNTWNDLVDRDIDARVARTKMRPLASGKVTLTEALLWMTGQYFLSVKMLDLILDGRNIWSLMLPLTASIMLYPYLKRPIFSKVFVYPQYILGLAIGYPAITGWASITGSEEPLGDIIKHCIPICLLVFFWCVYFNTAYSHQDSVDDRKMNINSAYVIAGQRIRLFLAFLSVLPLLTIPYIISTINSPWLWVSWMATWTVSIIMQIAQFDSQKLESGGRIHWDNFLLGLWTIAACMVEVGLQKVEFWKNVEGYIKL,2.5.1.-,GO:0005794;GO:0000139;GO:0005886;GO:0004659;GO:0140722;GO:0016114,1: Evidence at protein level,,F1DBA7
F5HN73,CPAD_ASPOZ,Cyclo-acetoacetyl-L-tryptophan dimethylallyltransferase cpaD,cpaD,Aspergillus oryzae,437,MEISKKAATLLPKPFYVLSQALNLSNKDHTKWWYSTAPMFATMMAGAGYDVHAQYKFLCIHREVIIPALGPYPEKGQPMHWKSHLTRFGLPFELSFNYSKSLLRFAFEPLGSLTGTKDDPFNTQAIRPVLQDLKAMVPGLDLEWFDHFTKALVVSEEEARTLLDRDIEIPVFKTQNKLAADLEPSGDIVLKTYIYPRIKSIATGTPKERLMFDAIKAADKFGKVATPLAILEEFIAERAPTLLGHFLSCDLVKPSESRIKVYCMERQLDLASIEGIWTLNGRRNDPETLDGLDALRELWQLLPVTEGLCPLPNCFYEPGTSPQEQLPFIINFTLSPKSALPEPQIYFPAFGQNDKTIAEGLATFFESRGWGGLAKSYPADLASYYPDVDLQTANHLQAWISFSYKGKKPYMSVYLHTFEAFSAAAQEVAMCHDGHNP,2.5.1.-,GO:0016765;GO:0009820,1: Evidence at protein level,,F5HN73
G5EAZ2,THI4_EMENI,Thiamine thiazole synthase,thiA,Emericella nidulans (strain FGSC A4 / ATCC 38163 / CBS 112.46 / NRRL 194 / M139),331,MSPPAAIFEPTVAPTGIKGKVVVPETATIPGDSQTKLLDHFGGKWDNFKFAPIRESQVSRAMTRRYFQDLDRYAESDVVIVGAGSCGLSTAYVLAKARPDLKIAIIEASVSPGGGAWLGGQLFSAMVMRRPAELFLNELGVPYEEDPDMPNYVVVKHASLFTSTLLSKVLSFPNVKLFNATCVEDLVTRPGPNGNAQEVQIAGVVTNWTLVTLHHDDHSCMDPNTINAPVIISTTGHDGPFGAFSAKRLVSMTTIDKLGGMRGLDMNSAEDAIVKNTREVAKGLIIGGMELSEIDGFNRMGPTFGAMVLSGVKAAEEALRVFDDRKRECAE,2.4.2.60,GO:0005829;GO:0005634;GO:0160205;GO:0008198;GO:0005506;GO:0000002;GO:0009228;GO:0052837,3: Inferred from homology,,G5EAZ2
M9QUV5,PIGD_MONRU,O-acyltransferase pigD,pigD,Monascus ruber,455,MEDPARTQDILGQLPILKAYNHILLGFALSEDISRESVVQALNAAALQLATSVPWIGGKVVNVGSGPGNTGLFRSVPCELFAPPNSILRVKDVTADYPSYEEIVSAKGPISMLDGSIIAPKPAFPVSYVDCESDPAPALLIQATFLKGGVLLDFAAQHNLSDGGGVIQMINLVATTLRGEKIPEKAIVQANRDRRDVIRLLDPAEPMLDHSHLVRPPPSAIPANPVVSPDNFIWQYFRFSASTLGALKNIASNPADFDPSVKFISTDDALCAFLWQRIATVRLRRRQTPDDLCKMTRAVDIRRTLQVPSEYMGVMVYNVSGRLPLGQLATASLARAASELRKALNSIDEYAVRSFATFVARQPDKSTLAYAGKFNPDVDMGVSSMASVPLYRADFGPLGAPGLVRRPNFAPVLSTIYVMPQTVEGDVDVLICLTREDIGALRADPEWTAYAEYIG,2.3.1.-,GO:0016747;GO:0031409,1: Evidence at protein level,,M9QUV5
O94225,HOSM_PENRW,"Homocitrate synthase, mitochondrial",lys1,Penicillium rubens (strain ATCC 28089 / DSM 1075 / NRRL 1951 / Wisconsin 54-1255),474,MVLLPPSLPVCQLKVTAPEFPSNFYLDGDHSGFVGIETRQNPHPSASRNPYGHDAGVTDFLSNVSRFQIIESTLREGEQFANAFFDTAKKIEIAKALDDFGVDYIELTSPCASEQSRADCEAICKLGLKAKILTHIRCHMDDARIAVETGVDGVDVVIGTSSYLREHSHGKDMTYIKNAAIEVIEFVKSKGIEIRFSSEDSFRSDLVDLLSIYSAVDKVGVNRVGIADTVGCASPRQVYELVRVLRGVVGCDIETHFHNDTGCAIANAFCALEAGATHIDTSVLGIGERNGITPLGGLMARMMVADREYVKSKYKLEKLKEIEDLVAEAVEVNIPFNNYITGFCAFTHKAGIHAKAILNNPSTYEIINPADFGMSRYVHFASRLTGWNAIKSRAQQLKLEMTDTQYKECTAKIKAMADIRPIAVDDADSIIRAYHRNLKSGENKPLLDLTAEEQAAFAAKEKELLEAQAAGLPV,2.3.3.14,GO:0005739;GO:0004410;GO:0046872;GO:0019878,1: Evidence at protein level,,O94225
P09188,PGK_PENCH,Phosphoglycerate kinase,PGKA,Penicillium chrysogenum,415,MSLSNKLPVTDVDLKGKRVLIRVDFNVPLDENENVTNPQRIVGALPTIKYAIDNGRKAVVLMSHLGRPDGKVNPKYSLKPVVPVLEELLGKSVTFTEDCIGPQTEETVNKASDGQVILLENLRFHAEEEGSSKDAEGKKVKADKADVDRSASLTALGDVYVNDAFGTAQRAHSSMVGVDLPQKAAGFLVKKELEYFAKALESPARPFLAILGGAKVSDKIPVIDNLLPKVNSLIIIGGMALTFKKTLENVKIGNSLFDEAGSKILGEIVEKAKKHNVEIVLPVDYVTADKFSADATVGSATTQRIPDGYMGSDVGPESVKLYQKTIAEAKTILWNGPPGVFELKPSPRPTEATLDAAVKAAESGSIVIIGGGDTATVAAKYKAEDKISHVSTGGGASLELLEGKELPGVAALSSK,2.7.2.3,GO:0005829;GO:0005739;GO:0043531;GO:0005524;GO:0046872;GO:0004618;GO:0006094;GO:0006096,3: Inferred from homology,,P09188
P0CS88,HST22_EMENI,NAD-dependent protein deacetylase hst2-2,,Emericella nidulans (strain FGSC A4 / ATCC 38163 / CBS 112.46 / NRRL 194 / M139),354,MSSLRAHQKKNPTPTQCQNQTTLDSICKDIQTGKITRIVALVGAGLSTSSGLADFRTPDTGLYAKLEPLQLPYPEALFHISYFKHTPEPFYAIARGRHPWNTKPGVGHAFLALLEKKGVLGFVFTQNIDGLELDAGVSRERVMNLHGDWSDQHCIKCRSSYPADRMRKAILTGEVPFCVQANCEGIVKPAIVMFGESLPEGFDSREEEMLSTADLLLVIGTSLKVAPCSEIPRRLPSHVPRVLVNRELVGNIGTRESDVCLLGDCDAWLREVARHLGWDEELESVWKDTLVRKEKSSRDKGWDDKAEQSPTLEECIVRAAEQMKVRMGVSEGHRRMLEGHLGEKMAEIMAKRGQ,2.3.1.286,GO:0005634;GO:0017136;GO:0046872;GO:0070403;GO:0000183,3: Inferred from homology,,P0CS88
P11977,PGK_EMENI,Phosphoglycerate kinase,pgkA,Emericella nidulans (strain FGSC A4 / ATCC 38163 / CBS 112.46 / NRRL 194 / M139),421,MSLTSKLSITDVDLKDKRVLIRVDFNVPLDKNDNTTITNPQRIVGALPTIKYAIDNGAKAVILMSHLGRPDGKKNPKYSLKPVVPKLKELLGRDVIFTEDCVGPEVEETVNKASGGQVILLENLRFHAEEEGSSKDADGNKVKADKDAVAQFRKGLTALGDIYINDAFGTAHRAHSSMVGVDLPQKASGFLVKKELEYFAKALEEPQRPFLAILGGSKVSDKIQLIDNLLPKVNSLIITGGMAFTFKKTLENVKIGSSLFDEAGSKIVGNIIEKAKKHNVKVVLPVDYVTADKFAADAKTGYATDEQGIPDGYMGLDVGEKSVESYKQTIAESKTILWNGPPGVFEMEPFAKATKATLDAAVAAVQNGATVIIGGGDTATVAAKYGAEDKISHVSTGGGASLELLEGKELPGVAALSEKSK,2.7.2.3,GO:0005829;GO:0005739;GO:0043531;GO:0005524;GO:0046872;GO:0004618;GO:0006094;GO:0006096,3: Inferred from homology,,P11977
P42882,NMT1_ASPPA,4-amino-5-hydroxymethyl-2-methylpyrimidine phosphate synthase,nmt1,Aspergillus parasiticus,342,MSTDKITFLTNWHATPYHAPLYLAQSKGYFKEEGLKVALLEPNDPSDVTEIIGSGKVDMGFKAMIHTLAAKARNFPVTSIGSLLDEPFTGVVYLKDSGITEDFRSLKGKKIGYVGEFGKIQIDELTKYYGMTADDYTAVRCGMNVTKAIIRGDIDAGIGLENVQMVELAEWLASQNRPRDDVQIVRIDQLAELGCCCFCSILYIANDAFLAANPEKVQKFMRAVKRATDYVLAEPAAAFEEYVDMKPIMGTPVNRKIFERSFAYFSRDLKNVSRDWAKVTNYGKRLGILDADFQPNYTNQYLSWTLDADSTDPLGDQKRMAELQKEVACEGGFKRLQVASSA,2.-.-.-,GO:0106344;GO:0046872;GO:0009228;GO:0009229,2: Evidence at transcript level,,P42882
P55790,OMTA_ASPFN,Sterigmatocystin 8-O-methyltransferase,omtA,Aspergillus flavus (strain ATCC 200026 / FGSC A1120 / IAM 13836 / NRRL 3357 / JCM 12722 / SRRC 167),418,MTLPNKAALVGLAHTLSEQVKRYLVTADETKSPEDHKLCIEGERTPSSTEHAQAWEIVRTCDRIGSLVHGPVPWLLSNALSHLDSACLAAATQLNLQDIIVDGPSPTSLDTIVTATGVSEDLLRRILRGCAQRFIFEEVAPDQYAHTDASKMLRVTGIHALVGFSCDEVMRSAAYFSNFLQQTKGKPPSWNVPSPFSLAFDPTKGLFDYYSTVDEVRGRRFDLGMGGTEATKPLVEEMFDFSSLPEGSTVVDVGGGRGHLSRRVSQKHPHLRFIVQDLPAVIHGVEDTDKVTMMEHDIRRRNPVRGADVYLLRSILHDYPDAACVEILSNIVTAMDPSKSRILLDEMIMPDLLAQDSQRFMNQIDMTVVLTLNGKERSTKEWNSLITMVDNRLETEKIWWRKGEEGSHWGVQQLRLRK,2.1.1.110,GO:0046983;GO:0047146;GO:0045122;GO:0032259,3: Inferred from homology,,P55790
Q0C8A3,TRT5_ASPTN,Methyltransferase trt5,trt5,Aspergillus terreus (strain NIH 2624 / FGSC A1156),279,MHPDDQLKSALRNGFDPKLLYKEPLKTVKEPICTILEKYSKIPLEKVVSHINEVRDRAFAVFPYACIGQFSFVELSIADSPCYAEMLDRTKHGQKLLDLGCAFGQELRQLIFDGAPPTNLYGSDIQQDFLNLGYELFLDRAILPESQLIAADVLDKQSALFSRLSGKINVVYISLFLHVFQYKKQVTVVQNILDLLPAEPGALIVCRVTACRDQGVLNATRERMPYYYHDLASWKRLWEEVESQTGLRLSVETWEQPDELVKNHPLPGIYILGSAIRRL,2.1.3.-,GO:0016740;GO:0016114,1: Evidence at protein level,,Q0C8A3
Q0CCY5,GEDA_ASPTN,O-methyltransferase gedA,gedA,Aspergillus terreus (strain NIH 2624 / FGSC A1156),486,MERQPKSLSDAVQLLQTTEIISKCTQTIIAEWSNEAETFKKRASSGRAGAELVLPSHELFNAQRTITAAIGKLIELVSEPSVRILEIAGQYQESRALYIAVERRIPDILASQDNEGGMPVKELSSRTGIEYRKLSRILRYLCSMGTFRQVGPDVFANNTISACLVANEPLRAYVRLTGSEAFTASDRLPKTLLDPSTGPSYDVTRTAWQDAIGTTKPRWEWIEERVEPDKLLDSGYHYPGIPSLILEPQPPGEDGLVARPELEIMGLAMVGGGRVFGAAHVFDFPWASLDNALVVDVGGGVGGFALQLSKVYPDLRFVIQDRGPVIQQALESVWPNENPAALKDQRVQFMEHSFFDKNPVEGADVYYLRYVLHDWSDDYCVNILSHIRESMAPHSRLLICEQVMNTTIGDPDLTSAPAPLPANYGFHARFSHSRDLTMMAAINGIERTPEEFKTILKSAGLALKQIWECRSQVSLLEAVRADARTA,2.1.1.283,GO:0008171;GO:0046983;GO:0032259;GO:0044550,1: Evidence at protein level,7WH9,Q0CCY5
Q0CDB9,ARGJ_ASPTN,"Arginine biosynthesis bifunctional protein ArgJ, mitochondrial",,Aspergillus terreus (strain NIH 2624 / FGSC A1156),457,MAVFARMVKGQVRHYSAPVDMAIPASKRKFIPSSGSYPKGFLVSGTHVGVKASNTKFPDLALISSETPCSAAAVFTTNKFQAAPVQVSRDILKTRQGHGIRSVVINSGCANAVTGKGGLEDAVAMGKKVDECNGLNEPSTLVMSTGVIGQRLPISKILNNIPAAHTNLSSTHDAWLSTARAICTTDTFPKLLSRTFTLPSSPERTYRLAGMTKGAGMIHPNMATLLGVLCTDAPVEPSALQSLLKYAVARSFNSISIDGDTSTNDTVAILANGAAGGAPVTSSAASPDYTALQDILTSFTQSLSQLVVRDGEGATKFVTVRVQNSPHYESARLIASTIARSPLVKTALYGRDANWGRILCAIGYTQGVAPGTVVPERTSVSFKPVDGSPILKLLVNGEPEQVDEERASVILQEEDLEIVVDLGGGEKGEQGLGGEEAVYWFCDFSHEYVTINGDYRT,,GO:0005759;GO:0004358;GO:0004042;GO:0006526;GO:0006592,3: Inferred from homology,,Q0CDB9
Q0CS68,ATAH_ASPTN,Acetyltransferase ataH,ataH,Aspergillus terreus (strain NIH 2624 / FGSC A1156),303,MPTTAAFLRALYILTTLRGIGTSHEVRNIKHGSESSASRARFLLHTLVIIAAKYLVLDMMTFQPPSPEDTDRMFGEGKEYLLFRPDGLPPPKMQDILTNLGVTLLGWGPIGSWFIEVHYRILSVASVGLGISQPHQWPPLFGSITEAHTLRRFWANFWHQLFRWPMQGLSSFLCRDVLRLPRPSLAERYLKITLVFAISSCLHLAIDGRAGIMLPRSGALRCFLLQPVGIILEDGAQALYRRLRGDAPLSKWTRAVGYIWTWAFLSLVAPMYNFPLFRYQDPARNGVPVPVLRPAMEYFRVKG,2.3.1.-,GO:0016020;GO:0008374;GO:0006629,3: Inferred from homology,,Q0CS68
Q0CY06,NAGS_ASPTN,"Amino-acid acetyltransferase, mitochondrial",arg2,Aspergillus terreus (strain NIH 2624 / FGSC A1156),691,MSSTSLAWPRTAKSSLLQSADFSSTSKGYDRLGRRAREKLLDREFFLSLLNSASTKREAKSYLARLKAQHSPKPQVKEPEKESKDDAPQPLPSGVNLGSFYGASRSVYDSPVFRHDSTPTPHREISEERLHLSLVKLTTPQLLDDYIIDGVAKTLSQLNRLGMASCVVVDPGAGDHPNALRKIAAEQADRLSNAIDALPDSKSAHLDSVLSLSSTDPDTPTVMSRKALLSPMRDGHIVVVAPIAYTDDVRAVVVPADNAVLALTKELAGLATRPDPDEDPWVTAQRIGDLQREVSLDRVILLDPLGGIPAFSGPQTSHVFINMEQEFDDIEQELLRVRESAASSNQPSASSLLDGDASSIADSNPISKFVNHDVVPVPPEQEAVLPGLRLEERAVDGHLENLSLSQKVLAMLPSASSGIITSPLEVANSAMAPQTTPSGLAVGTRRQRNPLIHNLLTDKPLLSSSLPLSRRAAINGRRGSLTAPSSHTTFVKRGMPLTLVPNPRVQTWTAQNRPRMSLDDPSIDLPRLVHLIEDSFNRKLDVQDYLNRIHDRLAGLIIAGEYEGGAILTWELPPGVEDDGSPASEARMVPYLDKFAVLKRSQGAGGVADIVFNAMVRSCFPNGVCWRSRKDNPVNKWYFERSEGTWKLADTNWTMFWTTPNLPDDLQRFQDYEAVCRSIQPSWADDTGVVD,2.3.1.1,GO:0005759;GO:0004042;GO:0006526;GO:0006592,3: Inferred from homology,,Q0CY06
Q12669,KPYK_ASPNG,Pyruvate kinase,pkiA,Aspergillus niger,526,MAASSSLDHLSNRMKLEWHSKLNTEMVPSKNFRRTSIIGTIGPKTNSVEKINSLRTAGLNVVRMNFSHGSYQYHQSVIDNAREAAKTQVGRPLAIALDTKGPEIRTGNTPDDKDIPIKQGHELNITTDEQYATASDDKNMYLDYKNITKVISPGKLIYVDDGILSFEVLEVVDDKTIRVRCLNNGNISSRKGVNLPGTDVDLPALSEKDIADLKFGVRNKVDMVFASFIRRGSDIRHIREVLGEEGKEIQIIAKIENQQGVNNFDEILEETDGVMVARGDLGIEIPAPKVFIAQKMMIAKCNIKGKPVICATQMLESMTYNPRPTRAEVSDVANAVLDGADCVMLSGETAKGNYPNEAVKMMSETCLLAEVAIPHFNVFDELRNLAPRPTDTVESIAMAAVSASLELNAGAIVVLTTSGKTARYLSKYRPVCPIVMVTRNPAASRYSHLYRGVWPFLFPEKKPDFNVKVWQEDVDRRLKWGINHALKLGIINKGDNIVCVQGWRGGMGHTNTVRVVPAEENLGLAE,2.7.1.40,GO:0005524;GO:0016301;GO:0000287;GO:0030955;GO:0004743,3: Inferred from homology,,Q12669
Q1DNB0,PYRE_COCIM,Orotate phosphoribosyltransferase,URA5,Coccidioides immitis (strain RS),238,MSASPDYKTNLLSHLISNKVLSFGSYTLKSGRNSPYFFTTTLLHTAPLLHATASACASVLSSPPFVTTSTPDGTPRPNFDIIFGPAYKGIPLCTAVLNELGVRDTTGAWNNISYSFNRKEAKAHGEGGNIVGAPLKGKKIVIIDDVITAGTALREAVGIIEKEGGTVVGVLVLLDREERVNDNEKKSAVGCAQRDLGENVPVKAVLSLSDIIEKLGNDIGEENLKRLKEYRAQYGAEE,2.4.2.10,GO:0005737;GO:0004588;GO:0006207;GO:0044205;GO:0046132,3: Inferred from homology,,Q1DNB0
Q1E406,KAE1_COCIM,tRNA N6-adenosine threonylcarbamoyltransferase,KAE1,Coccidioides immitis (strain RS),371,MIAIGLEGSANKLGVGIILHPDNGGEPRVLANIRHTYVSPPGEGFLPKDTAKHHRKWVVSLVKAALKEAEIGVSDVDCICYTKGPGMGPPLQSVALAARTLSLLWGKQLVGVNHCVGHIEMGRYITGAQNPIVLYVSGGNTQVIAYSSQRYRIFGETLDIAVGNCLDRFARTLHISNDPAPGYNIEQLAKKGKRLVELPYTVKGMDCSFSGILAAIDALAAAYGLSGDQQAKENIGLTEDALKLKVDSVDKYNNEGGIPTREDLCFSLQETVFSMLVEITERAMAHVGSREVLIVGGVGCNERLQEMMGIMARDRGGNVFATDERFCIDNGIMIAQAGILAYKTGFTTKLEDSTCTQRFRTDEVFVQWRDD,2.3.1.234,GO:0005737;GO:0000408;GO:0005634;GO:0046872;GO:0061711;GO:0002949,3: Inferred from homology,,Q1E406
Q2TXB8,GPI14_ASPOR,GPI mannosyltransferase 1,gpi14,Aspergillus oryzae (strain ATCC 42149 / RIB 40),415,MASLFERPSLVFGAAIVLRAILLVYGAWQDAHSAVKYTDIDYMVFTDAARYVSKGDSPYARDTYRYTPLLAWLLLPTSWDGFFSFGKVLFALSDVVAGWLIAKALTSFYGMSPPRALKYASVWLLNPMVANISTRGSSEGLLCVLVIALLWAVLNRKITLAGVLLGLSVHFKIYPFVYGPSIIWWLDEEREGLKSSSQKQKPEQDDRNLLTHIFNFITPSRLLLTTTALATFSGLNISMYILYDFPFAQHTYLHHLTRIDHRHNFSPYSSLLYLSAAGDIQGSFESLAFIPQLLLSVVVIPIVLAKRSLPGAMLAQTFAFVTFNKVCTSQYFLWYLIFLPFYLPSSSLMKNPRLGITVTALWVIAQALWLQQGYYLEFLGLSSFVPGLFLASLGFFAVNIWILGIIINDVALEGC,2.4.1.-,GO:0005789;GO:1990529;GO:0051751;GO:0004376;GO:0071555;GO:0006506,3: Inferred from homology,,Q2TXB8
Q2TZH4,SET9_ASPOR,Histone-lysine N-methyltransferase set9,set9,Aspergillus oryzae (strain ATCC 42149 / RIB 40),625,MPSSKARDSPSVERRDRLTLAKLASYDDVATDALVDRAYFWTNTRKNRTKYIPVRGVHEDDVARILLHEVIVAKDSAQAEKQLLAMSGMKKYLAKLPNDREKEWFRRHLRKYIQMYLPDSPFEVTTTNRYTITEHEAAICARKFIKQGQEIKYLSGTLVPMTREEEQELDLKRKDFSIVMSSRRKTPSFFLGPARFANHDCNANGRLVTRGSEGMQVVATRDIYIGEEITVSYGDDYFGIDNCECLCLTCERAVRNGWAPHVDSEEGSSKASTPALNDEAISNDSLLSPRKRKHHLDSDSDISPSSTPRKRSKFTRQSSKLRSAVSLADFAPVGSGSDNPPPQAETSIVPETTGAASITNDTIVPASGSAVEVSQASATDCDSSPSLEADESHHSSTSTTPTSIGDVKIKVEDTVEASLTESASATHITLSITGQPHNDRHPPGTDNDMLSELSEITDNPQKPKRSRGSRWKHGVVPSVEEESHRVRVPGDYTKTSKLLAQAYDRWVDCHTCNVWFVQHNSYLTRRECPRCERHSMLYGFRWPKTDKEGSMDDEERVMDHRTVHRFLYPEEEARISRKDRGVSFGVTPTPELSEPRTETEDSEACDDRRNTRASRTRTRSLRMTM,2.1.1.372,GO:0005694;GO:0005634;GO:0140943;GO:0032259,3: Inferred from homology,,Q2TZH4
Q2UPB9,ACLI_ASPOR,Probable aminotransferase aclI,aclI,Aspergillus oryzae (strain ATCC 42149 / RIB 40),420,MASAGAGLSKRGASNVDAIMPGIRAALLERTRPTVPRIDLSTAENWLLRNEVIELTKDAIRDGLKPHHLSYPNEFAGDADLIKALAAFVNEYFHPHIPVEPDHIATAPGAATCLNTFLYNLCEPGEGILVPAPFWNGFDWLFTARSSAVPVMVHVERSADTLTAKLIPALEKAYEESKIPIRGLLLTNPQNPYGQCYPRSVMEDCIRFCHSKGIHYISDEVYALSNFENPELPDAPPFVSALQIDVKGIGCDLSRVHTFWSTSKDFGSSGFRVGCSITQANEAMHVALALASNTESSSLSAVASTALLTSPRLPELLQLNAQRLQEAYCLMTNFLKKHQIEYIPANSAPFLFARVAPQAQTWEDEKAVIAQLKEAGVNVSGGKAYHVNEDQKGWARLTFALETSRAEEAIKRMETVLGKQ,2.6.1.-,GO:0030170;GO:0008483;GO:0006520;GO:0009058,3: Inferred from homology,,Q2UPB9
Q4WC37,PFA4_ASPFU,Palmitoyltransferase pfa4,pfa4,Aspergillus fumigatus (strain ATCC MYA-4609 / CBS 101355 / FGSC A1100 / Af293),428,MLCRSFNISQLAIPFVSVLISFLAYTSQLFFYYFEEAPLRSEEFWRLNIFAVCIWVCYYRACTVDPGRIPKDWTPPNLKQLEKDCAGGRQRWCRRCEAFKPPRAHHCKTCQRCIPKMDHHCPWTSNCVSHFTYPHFMRFLFYAVVGMGYLETLLFERASIVWASRHLPSYLGPGLGQLVHLFILLVVNSLTWLALFILLLRSIWSLALNTTTIESWEIERHETLLRRARHFGGYLSGPGGIQIRIKKQEFPYDIGIWSNIRAGMGGSANVLSWFWPFAATPDRSTGLEFEVNGFEDPNLSWPPPDPDRIPLPAKREDMSAAIAAADASYHRALQARNIQRSNDASHSGGHPIQRRKRFHDRFNENKAKERLSESESDFSDDEEVQDGEEGWKNSEGDRLRDFGVDEEAEFYDEEDIPLGILMQRRRQQ,2.3.1.225,GO:0005783;GO:0005789;GO:0005794;GO:0019706;GO:0006612,3: Inferred from homology,,Q4WC37
Q4WDD7,BRE1_ASPFU,E3 ubiquitin-protein ligase bre1,bre1,Aspergillus fumigatus (strain ATCC MYA-4609 / CBS 101355 / FGSC A1100 / Af293),725,MPATEASPVVCSESAIVKMEDRKRPATHDHNDSAPPLKKQATSVNGGSKPHPDADMPWKDDLERFQKDAIWRQMQEYKREKMSLETKLKEMSKATAYHNDHLRVIDAWFNQLIDEVKTLMGALDEDKDRPSFRSSLLFENMEDFEKHLKARSDDIRAIITRLQSFSINAPPEVTDLQSQLAKKLAEEKGTIAELEKALAEKQQLEESLEAASLRYMVAEKKLDRARSLTVAKLEKQYLLGAQRPGGDSASGNREEQSPVNGLPSSAERNTELEEAHKQLVAVSEKQKEQLQKLESENANLLSQITELNIKRTKPTDDDYAHTDLFKQLRSQYDDVVKRINHLEATNIQLREEAAKLRSERTAYRNQVDEETQNVIAEKEAQLMRAETDLARIRNARDELLADQQMRKAAQEQEKIATTKVQELADAAQARINALESEVDRLRLQLDNTKAAHTEIDDVPLEELRAKYQNLERQYSMLNTELTSMQTACKKYSLLASQKVADFSALEEKVARLTAEKSKADQKYFAAMKSKEARELEVRTLRIQNSKSSDIVSQLKESEATTRSLLANMEKQASETKEALNSIISKHHAAQQQIAENNIVIDGLKAQVNELKALSVSKDSSLASASSACRKAETEIESLKVTLADTKKSLENWKNKSLGNSSSEYEMLRSLALCTVCRRNFKNTAIKTCGHVFCKECVEERLTSRSRKCPNCNRSFGNNDHMHITL,2.3.2.27,GO:0033503;GO:0005634;GO:0061630;GO:0008270;GO:0006325;GO:0016567,3: Inferred from homology,,Q4WDD7
Q4WDE9,KAE1_ASPFU,tRNA N6-adenosine threonylcarbamoyltransferase,kae1,Aspergillus fumigatus (strain ATCC MYA-4609 / CBS 101355 / FGSC A1100 / Af293),352,MIAIGLEGSANKLGVGIMLHPEDGSTPRVLANIRHTYVSPPGEGFLPKDTARHHRSWVVKLVKRALREARISVRDVDCICFTKGPGMGAPLQSVAVAARMLSLLWGKELVGVNHCVGHIEMGRLITGSTNPVVLYVSGGNTQVIAYSSQRYRIFGETLDIAVGNCLDRFARTLHISNDPAPGYNIEQLAKKGKQLVDLPYTVKGMDCSFSGILAAIDGLAASYGLNGEEKEEEGAGDDSKPTRADLCFSLQETVFSMLVEITERAMAHVGSKEVLIVGGVGCNERLQEMMGIMARDRGGSVHATDERFCIDNGIMIAQAGLLAYKTGFRTPLKESTCTQRFRTDDVFVKWRD,2.3.1.234,GO:0000785;GO:0005737;GO:0000408;GO:0005634;GO:0031490;GO:0046872;GO:0061711;GO:0008252;GO:0045944;GO:0000722;GO:0002949,3: Inferred from homology,,Q4WDE9
Q4WED7,XANE_ASPFU,O-methyltransferase xanE,xanE,Aspergillus fumigatus (strain ATCC MYA-4609 / CBS 101355 / FGSC A1100 / Af293),431,MSTQHGPKSTRTNDLYELAVNISSTVEAFVGRLDAIGAERPNLDNPFPEIIQDEGAQLARLKILRLCERLMALVQGPVQWLMFQNMAFLDAACVGAILDMGIHDIIAPGPEPTSLDQIVEATGASKDILKRIMRVCTQRLVFDEIAPEQFIHNGVSLQFLAPPVQALISHACDDGLRMAAHFTDSLKKTDWKGSDDPENTAFSLAFNTNKGLFDYFYTEDLARGQRFALGMAGSEIMKTLTEDMFPFESLPQGAKVVDVGGGRGHVSVRIAEKVPGLNFVVQDDESMLEAGQAEGVPKAVKDRIEFMPHDFFNEQPVKGADVYLLRFILHDHSDSRCAKILSNIVDAMEPGKSRILIDDAIVPSFLGPESSRFFNLLDLYMLAGLNGKERTLEQWNYLIQMVSPKLVLEKVWKTPNGGPESGTILELRLQE,2.1.1.-,GO:0008171;GO:0046983;GO:0032259;GO:0044550,3: Inferred from homology,,Q4WED7
Q4WF30,SIDG_ASPFU,FsC-acetyl coenzyme A-N(2)-transacetylase,sidG,Aspergillus fumigatus (strain ATCC MYA-4609 / CBS 101355 / FGSC A1100 / Af293),235,MTIKAQPTLHTARLELVPLGHEHREFTMKLDMDPEVMKMVAFGRPFTEDEAIQVHTWLMNCATSVPGFGTWVGFAEGEFVGWWVLAPVPTTENPKSFRTDRTEYGFRVSPKFWGQGYAKEGAREMVRYAFEELGLAEVIGETMTINMASRAVMAGCGLTHVETFFNKYDTPPPGIEEGEVRYSITREEWLRMQKPSMTRSRWFPAFASWLPRLLLSRLWSYIFQGRRLAAGAASP,2.3.1.-,GO:0016747;GO:0016829,2: Evidence at transcript level,,Q4WF30
Q4WN54,SWF1_ASPFU,Palmitoyltransferase swf1,swf1,Aspergillus fumigatus (strain ATCC MYA-4609 / CBS 101355 / FGSC A1100 / Af293),379,MCYYISILIYWGADCRTVGTGPVLMYCTKTIRSYFRCRHPFFSSINSSQIFFLSLLIAGECMFIPSAWPRVSTFHRLFIPALALLPYVFLYASVVTKSYITHENHEDEMARYPYDRVIFNPGHRCRTCDFLKPARSKHCSFCKACVSRHDHHCVWLTNCVGRNNYHYFLSLLLSLSLMLAYGSWLGFSLVSQTLEGLIPSSSPLRSKSQDWTTWLNVWAIAIASDIRVGAVAMLTAMTAPLAMAFLLYHTYLIWAGMTTNESAKWSDWKEDVADGLVFKSTRSEIYGNQSHSDEDTPAQRTWPVSSNQILVITDGEPPKEGFQLCSRSNEILQKDDPQAPVDTRWTEVNSMREIDNIYDLGFWDNLREVFHMPIRRCVR,2.3.1.225,GO:0005783;GO:0005789;GO:0005794;GO:0019706;GO:0006612,3: Inferred from homology,,Q4WN54
Q4WPG0,GPI10_ASPFU,GPI mannosyltransferase 3,gpi10,Aspergillus fumigatus (strain ATCC MYA-4609 / CBS 101355 / FGSC A1100 / Af293),771,MSSSRRRKSFTSSSSSSSPSFHSPPPTSRLRPRSPPSSNTKTSPTSTTPLATNILLSLIAFRLVNAFTVRTFFQPDEFFQSLEPAWQIAFGENQGAWITWEWRHQLRSSIHPLLFAAVYSAADVVAQLLRLSLASRADLLVAAPKTAQAVIAGLGDFYTWKLARYVYGARSYEAWATLALTVVSPWQWFCSTRTLSNCLETTITIVALYLWPWSWSFETPVRKKATRAASRERAQRGPEGSDSLQRLRQCLSLAAVACILRPTNILIWMGLASVAWFRTSWDRRAILVREVLLCGCAVLGLSCVVDRLFYGSWTFPPLRFLYFNIAQSLAVFYGRNDWHYYVSQGFPLLLTTALPFALVGLYRALAQVRTFGLGHLQSLVQAQLALICVIMPFVLSLVSHKEVRFIYPLLPSLHILSAPPLVDYFLPAVIRSSRSYTPRRLTLIFLLLVNIVIALYTTIYHASGPSNILSYLRQQHELHAPAAQTPSNLRPSVKDPSPHGITAGFLMPCHSTPWRSHLIYPTIHAWALTCEPPVDQTAAQKATYIDEADQFYANPARFLREHMAGGLRHISRKPSYLSAQPRPQHPSTTSTNDASHEWPDYLIFFAQLEPTLQSLLRASSYAECYRTFNTAWHDDWRRKGDIVAWCLDPAEQQAWRSATRQRDLENRERQFDRIIESFRKEASGKRDGKLSPFRRWFSSSSSVAPSSSLSLSWPTSWRWPWGQRKRTAWLGVQIPQWTRTRPSWTAWGGDWFGGWRQKKKTKKLLERDLWS,2.4.1.-,GO:0005789;GO:0000026;GO:0043295;GO:0006506,3: Inferred from homology,,Q4WPG0
Q4WR23,HELD2_ASPFU,Acyltransferase helD2,helD2,Aspergillus fumigatus (strain ATCC MYA-4609 / CBS 101355 / FGSC A1100 / Af293),463,MEGLNISNQVFDLSPLDIIPSHLYITNAFFYENKTPGPRPFMQSSLLKESLYRALQNFPILLGHVRRHRRNAMQIVVDCDNLNLPLYEEQTHPQLHFRHLKDHQFHRDVWPKDANIIDPRASPNGELLQVHVHRLAEESGVVMVVRIAHCAVDAKGFVDFMQSWGWFARNHSHPEGDSWPRLLADRRVMYEYLPPDVQPAAPRSMWHPASWLLGLLSTLVVLFLGLYKRLLGDKTPPDEIESHLFSVPPHTLDRLRYTATCIDPSSRVSDHDIITALFTLAFAHTKHLLTCRTQTVTAIVPCDFRHRIGVPSNFTGSCAIGLYVSIPGSLLQTPLTAESVARAALLSRAVVDTADKVTIQTFIRRALRAIAFVGDKVNVLYATMVSQAFSNQSRLGFYEVDFGAGGPVMVAPMAYSNTVAVICPAPGPGGDGVGVRVFLTLRPEVMRMLLAKGFLDEFTDMIY,2.3.1.-,GO:0016747;GO:1900812;GO:0019748;GO:0044550,1: Evidence at protein level,,Q4WR23
Q4WUT7,TRM61_ASPFU,tRNA (adenine(58)-N(1))-methyltransferase catalytic subunit trm61,trm61,Aspergillus fumigatus (strain ATCC MYA-4609 / CBS 101355 / FGSC A1100 / Af293),502,MGSPFLNHRLRSELGDLALLHLRRDQTIPTILKLEDDENQGYKEGKVTNTRFGSFPHSTLIDQPWGSQIVASVVDTGSRGRKNQSSKKRKADDLDTPTSNKDEAQSSPGTPRAAASGFLHLLYPTPELWTASLPHRTQVVYTPDYSYILHRLCVRPGSTIIEAGAGSGSFTHASVRAVFNGYPSEAPAAKKRRLGKVCSFEFHAQRAQRIREEIHDHGLDALVEVTHRDVYEDGFLLGDPKTGKSPKANAIFLDLPAPWLALKHLVRRPPSGAESPLDPSSPVYICTFSPCIEQVQRTITTLREYSWLSISMVEVNHHRIDVKRERTGLDCEGVRGATVFPKSVDEAVAKMRAVEEHSRRFRESLLQESDDEGTASDKPAATKSGKTEVEEKSLQDISQHSDTTAAPSSTPSYDLGRLVHRTEPDLKTHTSYLVFAILPREWTEEDEQRCRQAWPAQKTGGSPDAGKPKGKKQLKREAKEKEVQEEAQKSEDVPARPQETQS,2.1.1.220,GO:0005634;GO:0031515;GO:0160107;GO:0030488,3: Inferred from homology,,Q4WUT7
Q4WV38,ERG8_ASPFU,Phosphomevalonate kinase erg8,erg8,Aspergillus fumigatus (strain ATCC MYA-4609 / CBS 101355 / FGSC A1100 / Af293),484,MLPLPPAVTALSAPGKVLLTGGYLVLDRSYTGTVFALDARIHVIVQQLRRNHRREAASGSAHGRSDTPQAEGNVHGDKEDEGTIVVHSPQFVDAVWEYSIQRCEDGGGVLVKQRNDGPRNLFVETSLNFALTYISYVADSKDFGSLSITILADNDYYSETAFSKASGLRSSSRFVDFGVRLQEAHKTGLGSSAALVTALVSSLVIHRTMQPDDLGPGRDKLHNLAQAAHCAAQGKVGSGFDVAAAIYGSCLYRRFSPSILESVGDAGSPGFEERLFRIVEDADPQHPWDTECLDFGMKLPRGMQMVLCDVECGSQTPSMVRKVLEWRKQNQKEADMLWGALQSNNERLRLELRRLAQSPDEHTLSDFENVRTYIQRSRNHIRSMTQKSDVPIEPRVQTELLDALSELEGVIGGVVPGAGGYDAIVLLIQDNPDVITRLKAFFETWESKAEDDFGGKIGKVRLLGVRHGSEGVKNEMLEQYAGWV,2.7.4.2,GO:0005777;GO:0005524;GO:0004631;GO:0006696;GO:0010142;GO:0019287,3: Inferred from homology,,Q4WV38
Q4WVU5,PPIL2_ASPFU,Peptidyl-prolyl cis-trans isomerase-like 2,cyp8,Aspergillus fumigatus (strain ATCC MYA-4609 / CBS 101355 / FGSC A1100 / Af293),579,MGKGTDKLYITHSEWASEDAYSASAGAGVGKARRGGENAGFRRLPFNFCSLSLQPFSHPVCTPSGTIFDLTSILPWIKKHGTNPVDGSPLKSSDLIKLNIAKNESGEYVDPVTYKVLTDNTHIVALRNTGNVFAWDTVERLNIKGKLWRDLVTDEEFSRKDIITLQDPQNIESRNLSTFNYLKEGESALTEQQIREREDPSNNVNFNALGNAAKILKAKEAVAKARAERAQRAESGAASKGLTKPGMSATAASQKTVSHQAGKPIPYNAARHTTGLAAASFTSTGMTPHTSAELALLSDEEYMLKRGRVKQKGYARISTTLGDVNLELHTEYAPKAVWNFIKLAKKGYYKDVTFHRNIKGFMIQGGDPTGTGRGGESIWGKYFNDEFEGPLKHDSRGTLSMANKGKNTNSSQFFIAYRALPHLNNKHTIFGHVIDDPTPSSPTLNNMETHPVNPTTNRPTPDIRIKDVTIFVDPFEEFLKQKQADEAKGTTVTDDTKTSQEIDDDRITWTGKRVRGPGATEAGESSAGGVGKYLKAALANQANQGEDEIVEFVDEGPEPEPAKKKFKGGGGFGDFSSWD,2.3.2.27;5.2.1.8,GO:0071013;GO:0003755;GO:0061630;GO:0006457;GO:0016567,3: Inferred from homology,,Q4WVU5
Q4WW94,HAC2_ASPFU,Serine/threonine protein kinase AFUA_5G14870,,Aspergillus fumigatus (strain ATCC MYA-4609 / CBS 101355 / FGSC A1100 / Af293),393,MTPFHRLSRFFRQAPSPPRTPITSNFPILDSAVKIEEERMPAFDRGLFYPVKLGDVFRSRYQVLSKLGFGANSTVWFCRDLHQHRYIALKIYIRSSEVNREVQVLKHLSSVKTNHPGSSLVRKMIEEFEITGPSGSHQCIVYEPLLTSLLHFQATLKPQSLPEDLLKGALQQLLLALDYLHSEAHVIHTDDSIFREWDTSEEAEPSPRKVDSSHTIYKSRPFHRKKGWSGFGMPLLSDFGEARLGDVHDGSIQPDIYRAPEVILGMSWTSKVDIWNVGALIWDLFEDHHLFDGRGPNGDHSDAHLLAEMIAMLGPAPLNFLRKAPQSRKYWDSNGRWKGAIEVPQCSLEDSEEYLEGENKKMFMQFVRKMLRWDPEERQSAPELLTDPWLIAQ,2.7.11.1,GO:0005634;GO:0005524;GO:0004674;GO:0007155;GO:0043484,2: Evidence at transcript level,,Q4WW94
Q4WX30,TRM5_ASPFU,tRNA (guanine(37)-N(1))-methyltransferase,trm5,Aspergillus fumigatus (strain ATCC MYA-4609 / CBS 101355 / FGSC A1100 / Af293),479,MDSMTDSSNSLRSSDLPEMFRPPVNRAMRVLDRSFFRKTVPLSAAAVFQNSDISKVRAELHKSRDLLAVPRLNCIRDVADQEGQIKKALLLRETVKHDDKETWSPKISELVEKGRIAMRPYDLTLDYDFWTYADIISSILPEDELQEIPQGFTQVGHVLHLNLREQYLPYKYLIAEILKDKNKVIRTVINKTEDVGSHSEFRTFPFELLAGDNDLNVVQHEQDCEFRFDYSRVYWNSRLETEHRRLVEKFNKGEMVCDVMAGVGPFAVPAGKKKIFVWANDLNPHGYEVMQDAIKRNKVEGFVTPFNMDGREFIRWSAKELLETEPVTVTIHPKVRRDRKSGNKVEQAPPPHPEEYHRPVFFDHYVMNLPATAIEFLDAFPGIYAGKESLFAPHTSQRLPMVHVYCFSGHSENELDDHIDICQRISERIGYTITPEDRIGGSGNQSVELSIHNVRLVSPKKQMFCASFRLPAEVAFKKV,2.1.1.228,GO:0005737;GO:0005759;GO:0005634;GO:0052906;GO:0008175;GO:0070901;GO:0002939,3: Inferred from homology,,Q4WX30
Q4X162,ALG10_ASPFU,"Dol-P-Glc:Glc(2)Man(9)GlcNAc(2)-PP-Dol alpha-1,2-glucosyltransferase",alg10,Aspergillus fumigatus (strain ATCC MYA-4609 / CBS 101355 / FGSC A1100 / Af293),614,MSAVRPVSGISLAARYAVPFVLLLIPLWMAKVNTVVPDPYLDEVFHVPQAQAYWDHRWFHWDPKITTPPGLYIWSYILCAAALVLRGSPKELNAGALRATNVAAAAVFLPWRLQTLLDALRKVRNTRPSGAWLSHTVLNICLFPPLFFFSGLYYTDIVSLLAVIEAYNWDIKRSAGSWSLLKTAVFVATGLTALVLRQTNIFWVAIFLGGLQVVRRLRQSSKASQASSLLQIIQSGFNNELYDPLVSEASFFDYVKTSISLVSVGLRNFIPIIISTVPYLVILAAFGGFVLWNDGVVLGHKEFHTAGLHLSQMLYIWPYFMFFSWPILIFPVINLVLPNSVIPAFFDYGFTKKQKGLPRIWTALVIIPIMLAVVHFNTIIHPFTLADNRHYIFYVFRILRSHPAIRYAAVPTAYFVGGWAVISAFGFSTTKPQPQFVPITKSNELAAAQKGQLKEAARKKEKSERKSKSKKASQVTASPPAQDQFSPEVLARIQEHLAQRQKQQQEVPRASFVLVWLAATALSLVTAPLVEPRYFIIPWVMWRLHLPPQPVPLVYRQQRPRDEREALHADLATNFSLFMETYWFLAINAATGYIFLYKGFEWPQEPGKVQRFMW,2.4.1.256,GO:0005783;GO:0005789;GO:0106073;GO:0006488;GO:0006487,3: Inferred from homology,,Q4X162
Q4X1R1,RMT2_ASPFU,Protein arginine N-methyltransferase 2,rmt2,Aspergillus fumigatus (strain ATCC MYA-4609 / CBS 101355 / FGSC A1100 / Af293),424,MADPLADFGSNVDLTVQEILLAASQHDVPKLRRLIRSNDKDGNPANVKDPETGFSPLHAAIAACEPDEAQTETNGVNGETSSASTEQKSLVQSAAETVKYLLQEGAIWNDLDLNDETPGCIARRLGLTELYEMIVDAGVRAELLLNRLDGYEPLSDDEDDQETGQGEDAANEPAAEEDQDGAPELVETTAADASAAEASTEGPGPDVTSSRYLDSNLTFTNDRLLDQDQNGVMMAWETEIMSRSAKKLLPTTGLRVMNIGHGMGIVDGFIQEQSPAAHHIVEAHPDVVAEMKRKGWHEKPGVVIHEGRWQDILPALVAQGETFDAIYYDTFAESYADFREFFSEQVIGLLEQDGKWGFFNGMGADRQISYDVYQKVVEMDLFEAGFDVEWEEIKVPKLEGEWTGVRRPYWVVDNYRLPLCKFMD,2.1.1.-,GO:0005737;GO:0005634;GO:0019702;GO:0032259,3: Inferred from homology,,Q4X1R1
Q5AV06,ATNL_EMENI,Probable thioesterase atnL,atnL,Emericella nidulans (strain FGSC A4 / ATCC 38163 / CBS 112.46 / NRRL 194 / M139),306,MALPSSVESLLSTVWDFITINRLLTGAGIYFLLLNAKGLPGVWHYRLFKGLFIELVWKRSTTPAPLLDSQGRPRLYSYFVTECSNPVIECDYNLHKSNSTFFSDLDINRTQLMMTHFKHVLSTASMPRKTKTANGNGDDQKRKRPLMMAMGGVSCLFHREIKPLQRYEVWSRVLAWDEKWVYVVSYFVKKGSLSRDGNFKGDLDLDPKVNAKVVLASCMARYVFKEGRITVKPERVLQECGLFPLAEEAVAGEKAEKASVDSWGKEQFEEARQKGLVTAGKFSGLEVLPLMTGFGESGVLGRYNDF,2.3.1.-,GO:0016740,2: Evidence at transcript level,,Q5AV06
Q5AW61,RIFK_EMENI,Riboflavin kinase,fmn1,Emericella nidulans (strain FGSC A4 / ATCC 38163 / CBS 112.46 / NRRL 194 / M139),210,MRPSNPRPPVTGPDSGPEAPFPIRLSGPVIKGFGRGSKELGIPTANIPVDGLEEVLPKELGVGVYYGVVALDPATAPAPSSSDSTSGDAAPILPAVLSIGYNPYYKNKTRSIEIHIMPSLTLPSPTAPSEEKEKVKFHKLPDFYGTKLNLLMLGYIRPEYDYVSMEALVEDIRIDCEVARASLLRPAYRVYLDGNEDETVSAQRDWLRSF,2.7.1.26,GO:0005739;GO:0005524;GO:0046872;GO:0008531;GO:0009398;GO:0009231;GO:0006771,3: Inferred from homology,,Q5AW61
Q5AZJ7,DPH1_EMENI,2-(3-amino-3-carboxypropyl)histidine synthase subunit 1,dph1,Emericella nidulans (strain FGSC A4 / ATCC 38163 / CBS 112.46 / NRRL 194 / M139),431,MGDSTEKLQANASLRQPKKRFVGRRTADTQAQSSTSVQDVESTSIQKATPRRTPRTLNQVPPEISQDPDILAAIDLLPKNYSFEIPKTIHRIRTSGAKRIALQFPEGLLLFATTISDILTQFCPGTETLIMGDVTYGACCIDDYTARALGCDLLVHYAHSCLIPVDVTKIKTLYIFVDISIDTSHLIATLERNFQPGKTIATVGTIQFNATLHGLKPVLERAGFNVVIPQITPLSKGEILGCTSPSLSAQQIDYLLYLGDGRFHLESAMIHNPSIPAYRYDPYSRTLSRESYDHTEMHTLRRDAIAAARTAKKWGIILGSLGRQGNPHTMAMIESHLNERGIPFVNLLLSEIFPGKLAAMSDVECWVQIACPRLSIDWGYAFPRPLLTPYEALIALGVRDDWEKTHEGVYPMDFYAKDGLGRTKPQAVQTV,2.5.1.108,GO:0120513;GO:0005737;GO:0090560;GO:0051539;GO:0046872;GO:0017183,3: Inferred from homology,,Q5AZJ7
Q5AZR6,HAT1_EMENI,Histone acetyltransferase type B catalytic subunit,hat1,Emericella nidulans (strain FGSC A4 / ATCC 38163 / CBS 112.46 / NRRL 194 / M139),496,MSAEGEWSCDANDAVQITIVHPDQQKPKTLSSFHPQFTYPIFGEEERIFGYKGLIIRLRFAAHNLRPHVHVSYDEKFTAVDDAEPVDIIGALKEFLPEEAFSSLPEFESAVQEEDAKEFVPPGKLSHSYSIRGRNYEIWAASLADPQVQLLLNRFQIMVSFYIEAGTPLSTDDPEWTLDRWTVYFVLTAARYEKVEPPTPTASSYSIVGYATTYRWWFYKRDRSENPMPRDGPFPPPELVRPGELPSRLRIAQFLILPPHQGTGHGVNLYNTIHKTCLDDPTIMELTVEDPNESFDVLRDSADYHILRPEFLKHNIQINPDPWSDFSKKTKRVPTSSLLPLKTLNEIRTAYKIEPTQFAHIQEMFLLGQIPLKNRRKGGANMARLLVKKYRDDDPNNRRYYWWRMLTKQRLYKRSRDVLIQLKMSERHKALEDTVTNVEDGYEQLFGFFNEREERLRAQQEEAETSNNRDQRTKRKFTVEDEDDEDESAAAKRPKA,2.3.1.48,GO:0000781;GO:0005737;GO:0005634;GO:0010485;GO:0006281;GO:0031509,3: Inferred from homology,,Q5AZR6
Q5AZY3,SET9_EMENI,Histone-lysine N-methyltransferase set9,set9,Emericella nidulans (strain FGSC A4 / ATCC 38163 / CBS 112.46 / NRRL 194 / M139),641,MPSSKARSSPSVDRRERLTLAKLASYDDVATDALVDCAYFWTKTRKNRTKYIPVRGLAEDTVAHILLHDVIVAKDVSAAERKILDLIGMKRYLAKLPNDREKDWFRKHLRKYIQMYLPDCPFEVTTTNRYTITEHEAAICARKFIPQGQEIKYLSGTLVPMTKEEERDLDLKRKDFSIVMSSRRKTPSFFLGPARFANHDCSANGRLVTRGSEGMQVVATRDIYIGEEITVSYGEDYFGIDNCECLCLSCERVPRNGWSQNLAPGPQSKPSTPEPKASEDHLTPRKRKAQSDIDSDSSPSSTPRKRGKFTPRGSKLRSQLSLTEDIAISIESEPRVPSSNLALSAQEAGDSGKSSSAGDNVESSGTDSESLTSITPQESQRSSASTAATSVFDEAVSLNTRPTKSAVTTAAPAESSIAAEAPLSTTIPETDIKLEVEPSCEPTTTVTAQLDTTVRADSCVSDISSSTKLEDGSEALEHVKKPRKPRTKRVYLTIEPESKLNRVPGDYTKTPKLLAHSYDRWVDCHTCNAWFVQQNSYLTRRECPRCERHSMLYGFRWPKTEKEGPNDDEERVMDHRTIHRFLYPEEEALVSRRGRGVSFGLTPTPELSDMRSETPDSEALDERGNTRVTRRRTRAIRVTTV,2.1.1.372,GO:0005694;GO:0005634;GO:0042799;GO:0140943;GO:0032259,3: Inferred from homology,,Q5AZY3
Q5B3G6,ACKA_EMENI,Probable acetate kinase,,Emericella nidulans (strain FGSC A4 / ATCC 38163 / CBS 112.46 / NRRL 194 / M139),420,MPRKSILSVNAGSSSVKITFYSYTKTPSVIATAQVSGITAPPATFKYSVGSKQKKEELKEKISSGPDAFKLLLHRCFTDSDLKDVASADDLAYICHRVVHGGDFESPVVINEETYHQLEDLEDLAPLHNFAALEIVRLCKKELPNVQSITFFDSSFHKSLPPYVKTYPIDQETARRNKLRKYGFHGISYSFILRSVAEYLNKPVEKTSLIALHIGSGASVCAIKDGKSIDTSMGLTPLAGLPGATRSGDIDPSLVFHYTNEAGKLSPASTKEMHISTAEEILNKKSGWKVLTGTTDFSQIAVEDPPSEQHKLAFDILVDRIVGYIGNYYVKLDGQVEGIVFAGGIGEKSALLRKAVIEQTRCLGFAVDPEKNQHGPGDDETVVDITASGRSDVKRVFICQTDEQFEMAYNCTKTQGLDKQ,2.7.2.1,GO:0008776;GO:0005524;GO:0000287;GO:0006083;GO:0006085,3: Inferred from homology,,Q5B3G6
Q5BC23,SWF1_EMENI,Palmitoyltransferase swf1,swf1,Emericella nidulans (strain FGSC A4 / ATCC 38163 / CBS 112.46 / NRRL 194 / M139),412,MGLLRTIALVILGFSAFIFTVLFGRLPVFRKTPIGLLHRIIWLHIPHGISYIDARLFNGRILRSWGQAGNYILYENHPLVLIFFTTILVIGELIFIPSAWPRISVMHQLYIPIIIALPYYFLYVSVVTKSYITPDNHAEEMKRYPYDKVIFHPGHSCETCHFLKPARSKHCSYCKRCVSRQDHHCIWLTNCVGLNNYHYFLYLLLSLSVMLTYGSWLGYSLLSQTLDRLIPPSSPVRLRKQSWPTFLNMWAAVVAYDTRIGGVTMLMFMTAPLAFAFLVYHVYLIWAGMTTNESAKWSDWKDDITDGMAFKFIGDHKRSDSPLLESAETADSWPGYSDQILVLTEGDPPKEGHQVHKSSNDVIQPTNPDAPIDRRFARVRSMKEIDNIYDLGFWNNLCHVFGNYAAGKAHRA,2.3.1.225,GO:0005783;GO:0005789;GO:0005794;GO:0019706;GO:0006612,3: Inferred from homology,,Q5BC23
Q5BCB9,GPI10_EMENI,GPI mannosyltransferase 3,gpi10,Emericella nidulans (strain FGSC A4 / ATCC 38163 / CBS 112.46 / NRRL 194 / M139),663,MPMSARSRRSNPRLPPSPSSSSSSDAVRASPHSSPPSRLRPPSANPDVSSNILLFLIGFRLVNALTVRTFFQPDEFFQSLEPAWKIAFGTNQGPWITWEWEHQLRSSLHPLIFAAVYTVADLVARTLGLTPTSRAELLIAGPGITQAVIAAVGDFYTWKLARYIYGDRSHESWATVRIRSNAIEADADQLQLALTVVSLASVALYRSAWGERQTLAREALICGSSVLAVSTVVDRFFYGFWTFPPLRFLYFNVAQSLAAFYGRNDWSYYASQGYPLLLTTALPFTLVGLYRTLKTPPKLEKQKGSILVQLASISLAMPATLSVITHKEVRFIYPLLPALHILSASPLVEFFIPALTTTNREYISRRLTLIFLLWANVAIAIYTTLFHASGVISVLSYIREQHQIHGTANIPSLPKESPASYGGITTGFLMPCHSTPWRSHLVEPTIHAWALSCEPPVGLTAEEKAAYRDEADQFYDNPTQFLQDNMVGGLRHIPRRPSYATPPSSQRQPTQLFPPHEWPDYLVFFAQLEPTLKDALRGSSYGECWRTFNSAWHDDSRRRGDVVVWCLDHAKQQAWQSQKHQRELEDRDRQFDHIIKRFQRDATPSKSWHWSHWTSPFSSQSKSWSWPWERKKRTLFGYELPDLPQWGWFGKRKKKTLLSDFWF,2.4.1.-,GO:0005789;GO:0000026;GO:0006506,3: Inferred from homology,,Q5BCB9
Q8X167,XKS1_ASPNG,D-xylulose kinase A,xkiA,Aspergillus niger,570,MQGPLYIGFDLSTQQLKGLVVNSDLKVVYVSKFDFDADSRGFPIKKGVLTNEAEHEVFAPVALWLQALDGVLEGLRKQGMDFSQIKGISGAGQQHGSVYWGENAEKLLKELDASKTLEEQLDGAFSHPFSPNWQDSSTQKECDEFDAALGGQSELAFATGSKAHHRFTGPQIMRFQRKYPDVYKKTSRISLVSSFIASLFLGHIAPMDISDVCGMNLWNIKKGAYDEKLLQLCAGSSGVDDLKRKLGDVPEDGGIHLGPIDRYYVERYGFSPDCTIIPATGDNPATILALPLRASDAMVSLGTSTTFLMSTPSYKPDPATHFFNHPTTAGLYMFMLCYKNGGLARELVRDAVNEKLGEKPSTSWANFDKVTLETPPMGQKADSDPMKLGLFFPRPEIVPNLRSGQWRFDYNPKDGSLQPSNGGWDEPFDEARAIVESQMLSLRLRSRGLTQSPGEGIPAQPRRVYLVGGGSKNKAIAKVAGEILGGSEGVYKLEIGDNACALGAAYKAVWAMERAEGQTFEDLIGKRWHEEEFIEKIADGYQPGVFERYGQAVEGFEKMELEVLRQEGKH,2.7.1.17,GO:0005829;GO:0005524;GO:0004856;GO:0042732;GO:0005997,1: Evidence at protein level,,Q8X167
Q96VA4,GLGB_ASPOR,"1,4-alpha-glucan-branching enzyme",gbeA,Aspergillus oryzae (strain ATCC 42149 / RIB 40),689,MGTSQAVDSSPPDGTGVIQLDPWLEPFRDALKQRFSFIEGWVKAINETEGGLETFSKGYERFGLNVQSNGDIIYREWAPNAVQAQLVGEFNNWDVTAHPMTKNGFGVWEVTVPAVNGAPAIPHDSKIKISMVIPSGERIYRIPAWIKRVVQDLSVSPTYEAVFWNPPTEKQYKFQYSRPKRPESLRIYEAHVGISSPETKVATYKEFTSNMLPRIKYLGYNAIQLMAIMEHAYYASFGYQVNNFFAASSRYGTPEDLKELVDKAHSMGLVVLLDVVHSHASKNVLDGLNMFDGTDHLYFHGGGKGRHELWDSRLFNYGHHEVLRFLLSNLRFWMEEYGFDGFRFDGVTSMLYTHHGIGTGFSGGYHEYFGSSVDEEGVMYLTLANEMLHNLYPNCITVAEDVSGMPALCLPHSLGGVGFDYRLAMAVPDMYIKLLKEKKDDEWDIGNLSFTLTNRRHGEKTIAYAESHDQALVGDKTLMMWLCDKEMYTHMSVLTEFTPIIERGMALHKLIRLVTHGLGGEGYLNFEGNEFGHPEWLDFPRDGNNNSFWYARRQLNLTEDHLLRYKFLNDFDRAMQLTEEKYGWLHSPQAYVSLKNETDKVLVFERAGLLWIFNFHPTNSFTDYRVGVEQSGTYRIVLDTDDPAFGGLNRNLKETRFFTTDLSWNGRSNFLQVYIPTRTALVLALEETL,2.4.1.18,GO:0005737;GO:0003844;GO:0043169;GO:0004553;GO:0005978,2: Evidence at transcript level,,Q96VA4
Q9Y875,MET2_EMENI,Homoserine O-acetyltransferase,metE,Emericella nidulans (strain FGSC A4 / ATCC 38163 / CBS 112.46 / NRRL 194 / M139),489,MTTEQPTARLQRVDSQPENPFSALIEDQSIVIIPTFTLESGVTLYNVPVAYTTRGTLSPSGDNALVICHALSGSADVADWWGPLLGGPGQAFDISRFFVVCLNSLGSPYGSASAVTYKDGNPEKGLYGPEFPLTTVRDDVRIHKMVLDDLGIKQIAAVVGGSMGGMLTLEYAYFGKDYVRAIVPIATSARHSAWCISWGEAQRQSIYSDPKYENGYYSFDEPPAAGLGAARMSALLTYRSRNSFESRFGRNVPDPSKRQNINGTERLPTPPNEHWAIHNDGHKGNWSGRNSPAPEKPAEKTEVQYMDPQFSGTKTFSKSVSTTDGNAQKRPATYFSAQSYLRYQGDKFVKRFDANCYIAITRKLDTHDVSRHRARPDSENPVREALSQIQQPALVLGIESDGLFTFEEQKEIAEGIPDSRLKRIDSPEGHDAFLLQFEQVNQYILEFFREVLPDIMSKTPTDGAAIDGVGKLTKSSTFGEAEVEDITAW,2.3.1.31,GO:0004414;GO:0071266;GO:0009092;GO:0009086;GO:0006555,3: Inferred from homology,,Q9Y875
A0A0A2JWD0,CNSF_PENEN,Tryptophan dimethylallyltransferase cnsF,cnsF,Penicillium expansum,453,MGTHDMSPNASHSYIYRVLSDILEFPDNEQRMWWHSVAPMFAEMLRACGYDIHEQYKILGIWKKAVIPFLGCYPTNDGPRWLSILTRYGTPFELSLNCSHRLVRYTFEPINAATGTDKDPFNTQAIWESLSQLRRLNGDVDTELFNHFKANLTVDNAESAHLVESNLAGSKIRTQNKLALDLQNGSFVVKAYFYPTLKSAATGRSITDLMLSSVRQQVQKWSPTLAQPLSVLEEYIEARGPDSTASPRLLSCDLINPERARTKIYLLERQVSIEAMEDLWTLGGRRKSDSALAALDIIREIWSLIQLPPCLASYPSGYLPLGTVPDEQLPLMVNYTLRPDDPMPEPQVYFTTFGQNDLHVTNALTAFFERQGWTELAESYKENLRAYYPHADQETANYIHAYVSFSYRKGVSYMSVYLQTLETGDWPITYSPKRQYLCNEHPIHLKELAKACA,2.5.1.34,GO:0050364;GO:0009820,1: Evidence at protein level,,A0A0A2JWD0
A0A0C1BWC7,PBOC_ASPUT,O-acyltransferase pboC,pboC,Aspergillus ustus,470,MDCVCDETMELILRFDDVIEPEKLRQSLGRLLEIGNWRKLGARVRPRENNAGVKFEYHIPEKYTETRPGFIYRESKYSDGISNHPTASRLPRQHSGLSILGATQDFASLGLQPGDPRHLADWAYTDLPQLFFHHTTFKDATVIAMTYPHSLMDGMGHGTFLRAWIAVLHGREDEVPELGGFEDARSHLTEGAPATKYLLHQYILGWYQTIVFGCWRFIETLWSSEEDRVVCIPRQFVQELRANVLDELDSGKGETFVSNNDVLLAWFARTILSIAGPLRNRSLVLMNSFNIRSVALSSQPAFINNAVIPACTILPIWKVLREPMSFLAMQVRRSLVQQRGLDQIHAWYKLMVSSLEQTGRPRVIGTSDGFTMIFSNWDKASLFRLDLSPAASEMGLPLGQRSTQLGYPSCVLCTTPFSMLGVRSGGCCLGKDAEGNWWTQWRLRRTEWDRLETILETINHQRQTHTGKGV,2.3.1.-,GO:0016746,1: Evidence at protein level,,A0A0C1BWC7
A0A0L1JF88,RSTN1_ASPN3,O-methyltransferase rstn1,rstn1,Aspergillus nomiae NRRL (strain ATCC 15546 / NRRL 13137 / CBS 260.88 / M93),225,MSLQPTATEVGTMYDQYTSLLTDVMAGFIHVGYWDDPEREDTIEVATERLTREIGERLSSVRGQRILDVGCGTGKSAVQIATAHDVHITGITVSNHQIELAQSQYESNTKAGQVNFLFANAMDLPFADASFDGAYAIESLVHMDDRRTALTNIARVLRPGSRLAIADLFLDAGCPNPEVLARFHELFQVPPMPSGDDLKALLHQTGFKVIEFTDIRDTSGLSANF,2.1.1.-,GO:0008757;GO:0032259,1: Evidence at protein level,,A0A0L1JF88
A0A1E1FFM8,PRHE_PENBI,Polyprenyl transferase prhE,prhE,Penicillium brasilianum,316,MPTKGDYQPPKDGILSKLPESAVPYGELLRIHRPLGYYLNISPYVVGVAYTAAISPVTLPSTFLLGRLVILSLWGFCIRSAGCAWNDLIDMDIDRQVSRTKLRPLPRGAVSPSGAALLAAFMFGCGGSLLLLLPSQCAFEAAIVVFFALLYPFGKRFSDHPQLILTNIAWAIPMAMSSLDMSPLDFPIPTLAMSFSIASVIVMIDIVYACQDAEEDKKVGARSMAVRYMEITDQIAYGLFFSGTLSLLVGGILRGLGFPFLIFSVGGHFLGFLRFLRASLGKGAKSALVESQAKSSCLLATMLLVFGLCFEYCVRL,2.5.1.-,GO:0005743;GO:0008412;GO:0016114;GO:0006744,3: Inferred from homology,,A0A1E1FFM8
A0A1L9UR19,BFOD_ASPBC,O-methyltransferase bfoD,bfoD,Aspergillus brasiliensis (strain CBS 101740 / IMI 381727 / IBT 21946),424,MADCLSSQLERYANQVASSAGIIISHLKTLKDEPSTLPSETTVPTAIGTAQLQLAEAAFQLLHLTRDPGNVLTNLTVDLQVISSVRWLLHFEIPSLVPQEGTISYQELSCLANVPDNLLRSHLRLAMTCHLFQESGPTGMVAHSAVSRKLASDPSLAYWGQYFANTVFPTATQSVNATATWADSKQLNETAHNLAFDHRGTFFDYIAQDPARTVEFANSMRAVSTTGPFDTCHLCKSFDWSSLGDGVVVDMGGSTGHASITLAESFPSLRFVVQDLPDVVSDSIKRLEERQLPLSVTSRIRFQGHSLFHLQPVKGAAVYLLRQILHDWPNQEAIKILRSIVPAMGPKSRIFIADIVLPKTGSIPATEERVMRCNDLLLHQFTNTLERTFEDWQAIVSRVDDRLQIQHVYRDPGSILSLLVLEIV,2.1.1.-,GO:0008171;GO:0032259;GO:0044550,3: Inferred from homology,,A0A1L9UR19
A0A1Y0BRF4,ADRJ_PENRO,Acetyltransferase adrJ,adrJ,Penicillium roqueforti,496,MGFFSSTQPPRPATVPSDEIIPLHFWNTALCMRGTVLDISLKFDDVLDTSKLRSALEELLEMKDWRQLGARLRMNPNGRLEYHIPTRFDASRPAFAMTNAQHETSIADHPLGARIPHATSTPAIFPSPDVLSPLLRSEDAPKNIDDWICSDRPQLSIHIITFSDATLITVTWLHTLTDVMGMALILNAWTALLRGNREAVPKLQGFRLDPLTELGQRTPAEKYMHFNRVFGRKEFWWFIGLNVLDRLWYRQEERRTICIPAASLRNLCQQSSSEICASRGKEEPVPFVSESDVLLGWWVRSLYSALGLRTDQTILVNNALNLRTSLHESFTSNNSAYMGNALCMSPTFLRGHQVADEPLGQIALRIRESVTEQRTPEQVEAMTALQMQTMEQTGYLALVGDPRMMLLSCSNWHKARLFDIDFSSAVLQSSGPSSLQNPQHTGKPCYVNGVQHSANSFRNVLSVIGKDAGGNWWLTGVLRTDAWTHIEKQLHKLGSS,2.3.1.-,GO:0016746;GO:0016114,3: Inferred from homology,,A0A1Y0BRF4
A0A2P1DP87,MACG_PENTR,Polyprenyl transferase macG,macG,Penicillium terrestre,319,MTVSTTPKSQRNVARGVWELARLHTREAWLCWYPAIWGACVAAGMRDVSLELAPFLRLLFGIWASVTATHCAFCTFNDICDQKLDKHVERCKIRPLPSGMISTSEAVVAFICWLPVTLAITWGTLGPAVMAGFIPVWVLSTIYPFMKRIMPFPQVVLGAIIGGAVFPGWVGITGDLKDLDQALPLFFATASWVVYFDVFYATQDRPDDEKIGVKSLAVLLGKNVQILLAVLGALQVLLFAVTALRADMSLIFWVLGLGVWMVNVPWHILSLDLKDRHSGGRIFKSNIKLGLYLTGVSLLELFVVRVYDISLANMKMELH,2.5.1.-,GO:0005886;GO:0016765;GO:0016114,3: Inferred from homology,,A0A2P1DP87
A0A443I7W9,SPHA_BYSSP,Aminoacyl transferase sphA,sphA,Byssochlamys spectabilis,470,MAVPDKIVSELASWMKDQKLVAPQMKDATAFYRNLEEALDVRRSTQSMNTRGQNTWKDGSAIDFCSNDLLSLGRTGELRTEFLSELAKYPDFALYSGGSRVLGGNYDYIEKVEQEIADFLGAETALMFDSGFNGNVAIYTSIPRPGDAIVYDELVHLSTHTGMAASLAATKVAFRHNDIDAFREAMISVMESQPMIQDGSRSILVSVESVYSMDGDVCPLVEMLEIAREICPKKNFAFITDEAHATGIIGPKGVGLVKHLGLEKEIAVRLNTSGKALACTGSVVLGSATVRNAMLNFAGSVTNTTAPSFPSVAVVRSAYNLLRTGATQKAQDNIQHLVRYFFKSVSSHTLWDQANDMGLLSIPIIEESKDRDFVTHIVPIWTRQKYNWWLFFHLQLAKIAVVPINYPQVPKGKARLRIMIHATNTESEVDYLVSMIYGFVKEMMDIEESGEKGKIPKAAQKIYALMAANA,2.3.1.-,GO:0030170;GO:0008483;GO:0009102,1: Evidence at protein level,,A0A443I7W9
A1C6J2,NAGS_ASPCL,"Amino-acid acetyltransferase, mitochondrial",arg2,Aspergillus clavatus (strain ATCC 1007 / CBS 513.65 / DSM 816 / NCTC 3887 / NRRL 1 / QM 1276 / 107),718,MNPNAVWPRTAQSSLKKHQVSLCTCQRRSHYRLRSFSTFADRKIHQSAGFSSSSKNHDRLSHRAREKLLDREFFLSLLSSASTQREAKSYLARLKAQHQPDLPQKPTSAPASTAKIPPLPSGVNLGSFYGASRSVYETPVFRQGPTPTPRQDQPERLHLALVKLSIPQTLDDTIIDGVAKTLAQLDRLGLTCCVMIDPGAAEDARLLRTLATEQADRLAIAIHKQPDSKSLRLDSVLSVDPATPHLPKVLSRKALLKPLRDGHTVILTPIAYTEDVPRAVMVSADDAVLALTRELAGLATFPDPDEDPLTTAERIGRLQKEVSLDRVILLHPLGGIPAFNWRQSSHVFINMEQEYDDIENELLQARDVISAGDANLTASDILQHPSSVAVSNPLSKFVHKEIVPLPPARSLSPMVPEAQRSAVEGHLENLRLSQKALAMLPSASSGIITSPIEVANSAKTDQPSDLSVVGTRRQRNPLIHNLLTDKPLLSSSLPMSRRGPIISAQGILNPVTSHTTFVKRGMPLTILPNPWVKPWSAQRQPRLRLDDPSIDLPRLVHLIEDSFNRKLDVQDYLNRVNDRLAGLIIAGEYEGGAILTWELPPGVQDDGSAENSARMVPYLDKFAVLKRSQGAGGVADIVFNAMVRTCFPNGVCWRSRKNNPVNKWYFERSLGTWKLSDTNWTMFWTTPGLVEDSQKFRDYEAVCRSIQPSWAEDTGVVD,2.3.1.1,GO:0005759;GO:0004042;GO:0006526;GO:0006592,3: Inferred from homology,,A1C6J2
A1CAF0,MPKC_ASPCL,Mitogen-activated protein kinase mpkC,mpkC,Aspergillus clavatus (strain ATCC 1007 / CBS 513.65 / DSM 816 / NCTC 3887 / NRRL 1 / QM 1276 / 107),380,MAEFVRAEILGTKFEYTTRYVNLQPIGMGSFGLVCSAFDQITQQLVALKKVMKPFDGSSLAKRTYREIKLLKYLRHENLICLRDIFISPLEDIYIATELLGTDLSRLLSVKPLDSQFAQYFIYQILRGLKYIHSANVIHRDLKPTNILINENCDLKICDFGLARLQEPQMTGYVSTRYYRAPEIMLTWQRYGVQVDIWSAGCILAEMLRGKPLFPGKDHVHQFHLITNILGNPPKSVLEKITSKNTMKFVQSLPSREPRDLSTIVPKDTDFDAIDLLKKMLVIDPDIRVSAQDALRHPYLAPYHDPTDEPVAAGPFDWSFNNMDLPKETWKVMIYSEVLDYLSVDSPDSGSMALGGSSPFDHRALDREFSEFFDDREGPM,2.7.11.24,GO:0005524;GO:0004707;GO:0106310,3: Inferred from homology,,A1CAF0
A1CJC4,LIPA_ASPCL,"Lipoyl synthase, mitochondrial",,Aspergillus clavatus (strain ATCC 1007 / CBS 513.65 / DSM 816 / NCTC 3887 / NRRL 1 / QM 1276 / 107),415,MAASTSHLRSLCSSTRSLSRSGVIVTPIACRGYATTDPSPSATTPTPVRRRTTFKDKLNAGPSFSDFVSNGNDNAPLDPSEAYALKTALVGPAGRKKEMTRLPSWLKTPIPDSKNYQRLKKDLRGLNLHTVCEEARCPNISDCWGGSDKSSATATIMLMGDTCTRGCRFCSVKTSRAPPPLDPHEPENTAEAISRWGLGYVVLTSVDRDDLVDGGARHFAETVIKIKQKAPSILVECLTGDYAGDLDMVKLVARSGLDVYAHNVETVEALTPQVRDRRANFQQSLRVLDAAKKAQPTLITKTSLMLGLGETDEQLWDALRQLRAVNVDVVTFGQYMRPTKRHMAVHEYVTPDRFELWRQRALEMGFLYCASGPLVRSSYKAGEAFIENVLKKRRAASGGAETIGERPVAVDEASR,2.8.1.8,GO:0005739;GO:0051539;GO:0016992;GO:0046872,3: Inferred from homology,,A1CJC4
A1CT57,MCES_ASPCL,mRNA cap guanine-N(7) methyltransferase,abd1,Aspergillus clavatus (strain ATCC 1007 / CBS 513.65 / DSM 816 / NCTC 3887 / NRRL 1 / QM 1276 / 107),551,MENRSSSGTPRPSAGSPDAAKRPSETSPAAGRIPAGQNGSSGDKKRKVTEEGEASEKSEPPADRPMSKRKRMEERHQKLRKRGRTPPSAYSRRDAEAAPVPNRNRDDPANRSLSPLPHRSPTPEEQPRQRKRPGGGARMGLVDRETLRRRQEERERALVEEAMRTSQGRGVTDVVRQHYNAVPQRGREWRKTESKIKGLRSFNNWIKSTLIQKFSPDEEFLARLNDGRDWADDSGPPPAEEKRLLVVDLGCGKGGDLGKWQLAPQPVELYVGLDPAEVSIVQARERYNSMKSGRGNRGRRNPLFHGEFAPKDCFGEWLGDIGIVQQVGIDPNAGPGGSVMSSRWGGGGFDVVASMFAIHYAFESEEKARQMLRNVAGCLKKGGRFLGVCPNSDIISARVVELNAKRKAREEQEKKEKSDEAPEDGEVEEDTKLEWGNSIYRVQFPGKTPEDGIFRPPFGWKYSYFMEEAVEEVPEYVVPWEAFRALTEDYNLELQYRKPFLGIWGDEKDDRELGPLSERMGVRDRNTGELLMTEEEKEAANFYHAFCFYKV,2.1.1.56,GO:0005634;GO:0004482;GO:0003723,3: Inferred from homology,,A1CT57
A1D7X4,MOC2B_NEOFI,Molybdopterin synthase catalytic subunit,cnxH,Neosartorya fischeri (strain ATCC 1020 / DSM 3700 / CBS 544.65 / FGSC A1164 / JCM 1740 / NRRL 181 / WB 181),188,MTTQPPQDQTSTTPSLPPHLDPTTYPRTLTSATHNIHLELTYSTLNPTVALEHTSSPAAGANVLFLGTTRNTFEGRAVSQLSYTSYPPLALKSLMSIATRAAEKFDLKGVYIAHRLGVVPISEASIVVAVSAGHRGMAWKAGEEVLEEVKEKVEIWKREEFVDGGMEWRENRERDAEGRLLSSTEGGK,2.8.1.12,GO:1990140;GO:0030366;GO:0006777,3: Inferred from homology,,A1D7X4
A1DJ20,FTMT3_NEOFI,Verruculogen prenyltransferase,ftmPT3,Neosartorya fischeri (strain ATCC 1020 / DSM 3700 / CBS 544.65 / FGSC A1164 / JCM 1740 / NRRL 181 / WB 181),453,MTIHPQNHDLPTGSAMKATPFEALDLVFHFEDQAQRQWWKQAGPVLGQHLLLANYDINKQYQYLCFFGHHIIPILGPGPGSGYDYHPLEISQNFQRSGSTIRLGFQPRAYSSCVSPQDPFGELSTEEAMARLGQVTGVELDLQPYHLLASHLNLTKKEEKEMLQPTCYNSLSPSFKTQGLLAVELPRTGSITLKGYWFLSAKSMVTKTPISELSFQAFRNIDHGKDLLVPALRPIEEYFAEMKMKPANPTTPQTTEFATVACDHVDMSRTRFKLYLYECLWKYDRLADIYTLGGRLKNAPGIAEGLELLREIWSILQIPEGYHFASLQNSLLRKSTNAESCGEASKPASEEREFFDDQALIFNFEIRPGEKWPQPKVYFPLAYLTDSKAADAVVALFEKLGWKEEARRYKDNLKTYYPRCDLDKTSGLQHVLSFSYRPKTGPYTTVYYWKIGA,2.5.1.107,GO:0004659;GO:0009820,1: Evidence at protein level,,A1DJ20
A2QFH1,RIFK_ASPNC,Riboflavin kinase,fmn1,Aspergillus niger (strain ATCC MYA-4892 / CBS 513.88 / FGSC A1513),214,MRPDRPRDPVTGPDEGPESPYPIRMSGPVIKGFGRGSKELGIPTANIPADELSQHPELSVGVYYGVVALDPARFSTGETVLPAVLSIGYNPFYKNESKSIEIHIMPPLSAPSPTATTSTDGQVTFHKLPDFYGTPLNLLILGYIRPEYDYISSEALIEDIRVDCEVARRSLQRPAYRCYLDARAVEDPACGGDDCGIVVDAIDGGAMRGMRFCI,2.7.1.26,GO:0005739;GO:0005524;GO:0046872;GO:0008531;GO:0009398;GO:0009231,3: Inferred from homology,,A2QFH1
A2QGF0,NAGS_ASPNC,"Amino-acid acetyltransferase, mitochondrial",arg2,Aspergillus niger (strain ATCC MYA-4892 / CBS 513.88 / FGSC A1513),726,MSSRTLVGLRSTTSTHLQRSGVAAAAAVSSSSTSSSGSAPRRCLSSASGRQVQQSAEFSSSSKSWDRLGRRAKEKLLDREFFLSLLNSASTKREAKSYLARLKAQHQGTPPLKPAAKQPGVAEAAAPVSSGASSTSFYGASRSVYDSPVFRHDSTPTPPLQDVSERLHLALVKITTPQLLDDSTVNGVAKTLSQLNRLGMACCVVVDPGTAGDSNQLRRIAAEQADRISTAVDAQPDSKSAHIDSVLSVSALNPEAPKVLSRKLLLGPLRDGHIVVLAPIAYTEDVPRAVTVSASDAILALTKELAGLATNPDPDEDPIRTAQRIAGLQEEVSLDRVILLDPLGGIPAFSGPQTSHVFINMEQEFDDIENELLRVWQSAASAKNNLPEEGLPSIADSNPLSKFADTEVVPVPPSQKAYSSDLTLGTSMVEGHINNLRLSQAALAMLPSASSSIITSPLEVANSAQSPGGASPDVSAVGTRRQRNPLIHNLLTDKPLLSSSLPLSRRAALNGRRDSIATQPSHTTFVKRGMPLTIIPNPWLSPWTAKDRPRLGLDDPSIDLPRLVHLIEDSFNRKLDVQDYLNRVNGRLAGLIIAGEYEGGAILTWELPPGVEDDGSEASQARMVPYLDKFAVLKRSQGAGGVADIVFNAMVRSCFPNGVCWRSRKDNPVNKWYFERSQGTWKLSDMNWTMFWTTPGLTEDSQKFRDYEAVCRSIQPSWADDTGVVD,2.3.1.1,GO:0005759;GO:0004042;GO:0006526;GO:0006592,3: Inferred from homology,,A2QGF0
A2QGS5,ARGJ_ASPNC,"Arginine biosynthesis bifunctional protein ArgJ, mitochondrial",,Aspergillus niger (strain ATCC MYA-4892 / CBS 513.88 / FGSC A1513),456,MATFARMVKGQVRYYSAPLDMAIPASKQKYIPASGTYPKGFSVSGTHVGVKASNTRFPDLALISSETPCSAAAVFTTNKFQAAPVQASKNTLKATQGEGIRSVVINSGCANAVTGKGGLEDAVSMGAKVDECNGLAQPSTLVMSTGVIGQRLPISKILDKIPTAHSTLSSTHDSWLTTARAICTTDTFPKLLSQTFTLPSSPNRTYRLAGMTKGAGMIHPNMATLLGVLCTDAPIASSALQPLLKHAVSRSFNSISVDGDTSTNDTIAILANGAAGGAPITSTSSADYTAMQNVLTSFAQSLSQLVVRDGEGATKFVTVRVQNSPDYESARLIASTIARSPLVKTALYGKDANWGRILCAIGYTQGVAEGTVVPERTSVSFKPVDGSAELKLLVNGEPEQVDEDRAAVILQEEDLEIVVDLGGGEKGEKGLGGEEAIYWFCDFSHEYVTINGDYRT,,GO:0005759;GO:0004358;GO:0004042;GO:0006526;GO:0006592,3: Inferred from homology,,A2QGS5
A2QVS9,MCES_ASPNC,mRNA cap guanine-N(7) methyltransferase,abd1,Aspergillus niger (strain ATCC MYA-4892 / CBS 513.88 / FGSC A1513),609,MASKEEERTGQRPSISMYDPARDRWEEQPVVPAEPASASASIEATPTQTSEAKPVHDSTVTSTSESLHLPQTTTIEPSQQPEQQQKQPPIPTPPSSQSRRKHKINKMGDYYRSGSADAYAEQSSPAADSHKRKLEDETSEQQPPADQANDRPISKRKRLEERHQKLRKRGQAPPSAYSRRDGDETAARAAPRPRSPSPPLPPRSPSPEVQARQRKRPGGGARRGLVDPQTLRRRQEERERALEEDAMRNSQSRGVTDIVRQHYNAVPQRGREWRKTESKIKGLRSFNNWVKSTLIQKFSPDEEFEKRLLVIDLGCGKGGDLGKWQLAPQPVDLYVGLDPAEVSIIQARERYAGMRSGRGPRGGRRGGPPLFHGEFRSKDCFGEWLGDVDIVQQVGIDPNVGPGGSMMASRWGGGGFDVVTSMFAIHYAFESEEKARQMLRNVAGCLKKGGRFIGVCPNSDIISARVEEEAKAEWGNSIYRVRFPGDTPEDGIFRPPFGWKYSYFMEEAVGEIPEYVVPWEAFRALTEEYNLELQYRKPFMEVWRDEKDDPELGPLSERMGVRDRTTGELTMTPEEQEAVSKYTPLGFTSAEGESANGTGFYHAFCFYKV,2.1.1.56,GO:0005634;GO:0004482;GO:0003723,3: Inferred from homology,,A2QVS9
A2QX25,ADAD_ASPNC,O-methyltransferase adaD,adaD,Aspergillus niger (strain ATCC MYA-4892 / CBS 513.88 / FGSC A1513),249,MSSVTLTTTTTTTSTPPKPTPKDEPQEQIYTPWRLFIYDIWVLGIVSTLAWGCRISTYLIPLFRSNVGKKHLDIGAGTGYYLNQARIPSTTQLTIVDNETHALNVALARCKHPSTQTHGIVTDILQPSPFPETYLTNNDKKFDSVSMYYLLHCLPVPVASKCKIFTHLKKYMTEDGVVHGANVLGKGVRKDNWFARIIRRGCLNHGVFHNEEDNAYEFERALRENFWEVETWVVGSVFVFRAKRPILDA,2.1.1.-,GO:0008168;GO:0032259,1: Evidence at protein level,,A2QX25
A2SUH3,LAEA_MONPI,Secondary metabolism regulator laeA,laeA,Monascus pilosus,367,MFGQQQQQQPPPPAASAYLNHNSRWTPPNESAQPRRSSNAMDINAITDRDPAEGHPRSNHTSSSIGSPIDKSPETYPGHEENGRIYHGFRRGIYFLPCDDLEQDRLDIFHKVITVARVSDALIYSPHPRNGRFLDLGCGTGIWAIDVAQKYPDAFVVGVDLSPIQPLNSPRNCDFYAPFDFESPWALGEDSWDLIHMQLGCGSVVSWPSLYRRIFAHLRPGAWFEQVEIDFEPRCDDRSLEGLALHHWYQCLKQATEEAMRPLAHNPRETIRHLQEAGFTEIDHQIVGLPLNPWHQDEHEKTVARWYNLAICESIETFSLAPFTRFFGWPVDRIKRLVADVRSEAFNKDIHAYNILHIYQARKPISN,2.1.1.-,GO:0005634;GO:0008168;GO:0032259;GO:0030435,2: Evidence at transcript level,,A2SUH3
A5ABM5,LIPA_ASPNC,"Lipoyl synthase, mitochondrial",,Aspergillus niger (strain ATCC MYA-4892 / CBS 513.88 / FGSC A1513),416,MAAASTNRLRLLYTSTRASLPQSTPSILTTRTYATTDSSTSATSTPKPRRRTAFTDKLNAGPSFGDFVSGNNDNAPLIDPSEAYALETALVGPAGRKKQMTRLPPWLKTPIPDSKNYQRLKKDLRGLNLHTVCEEARCPNISDCWGGGDKAAATATIMLMGDTCTRGCSFCSVKTSRRPAALDPHEPENTAEAISRWGLGYVVLTSVDRDDLADGGARHFAETVRKIKSKAPSTLVECLTGDYRGDLDMVALVANSGLDVYAHNIETVEALTPRVRDRRATFKQSIAVLEAAKKANPEVITKSSLMLGLGETEEQLEHALAQLRAVDVDVVTFGQYMRPTKRHMAVHEYVHPRWFEHWQRRAEELGFLYCASGPLVRSSYKAGEAFIENVLKKRRAGVSDAVAEKKVAAAVDEAAR,2.8.1.8,GO:0005739;GO:0051539;GO:0016992;GO:0046872,3: Inferred from homology,,A5ABM5
A6R104,MOC2B_AJECN,Molybdopterin synthase catalytic subunit,cnxH,Ajellomyces capsulatus (strain NAm1 / WU24),205,MQHPTLQPEVDPNPVVSSSSSSSSSNPLPAHLNPANYPQTRYFSDSNIHLELTYNPLDPTKSLAQIRSPHAGANVLFLGTTRSTFDNRPVARLTYTSYAPLALRTLEKIARGAVTKYQLCGISISHRLGEVRVAEESIAIAVAAGHRRPAWRAGEEVLEECKAAVEIWKREEFIGAGAGEGEGEWRANRDTDSQGNCRGDKVAEG,2.8.1.12,GO:1990140;GO:0030366;GO:0006777,3: Inferred from homology,,A6R104
B0XSH8,NAGS_ASPFC,"Amino-acid acetyltransferase, mitochondrial",arg2,Aspergillus fumigatus (strain CBS 144.89 / FGSC A1163 / CEA10),716,MSLHTGWPRTVNSSFLKKHRSSLCTCQHTSSVLPRSFSTTPDRHVQQSADFSSTSRSYDRLGRRAREKLLDREFFLSLLSSATTKREAKSYLARLKAQHPKSPDANKPEPEKSATAPTLPSGVNLGSFYGASRSVYESPVFRQGPSPSAPPSLEPVERLHLALVRLSTPQSLDDNIIDGVAKTLSQLNRLGLTCCVVVDPGTEGVASALRQVAIEQADRLAVAIQKQPDSKSLRLDSVFSIDPSRPGLPQVFSRKALLNPLRHGHTVILTPIAYTEDVPRAIIVPANDAVIALTKELAGLASIPDPDEDPMVTAERIGRLQKEVSLDRVILLDPLGGIPAFNRRQPSHVFINMEQEYDDIENELLQAREMVPATETSLLKAGPNSVADNNPISKFVHAEVVPVPSGSTPELKTAVPQRSAIEGHLENLRVAQKALAMLPAASSGIITSPFEVASSAQTSPTSEFSAVGTRRQRNPLIHNLLTDKPLLSSSLPMSRRGPTNNGQGAVYPVTSHTTFVKRGMPLTMLPNPWTEPWTPQSRPRLKLDDPSIDLPRLVHLIEDSFDRKLDVQDYLNRVNDRLAGLIIAGEYEGGAILTWELPPGVEDDGSEASNARMVPYLDKFAVLKRSQGAGGVADIVFNAMVRSCFPNGVCWRSRKNNPVNKWYFERSLGTWKLSDTNWTMFWTTPGLVEDSQKFRDYEAVCRSIQPSWADDTGVVD,2.3.1.1,GO:0005759;GO:0004042;GO:0006526;GO:0006592,3: Inferred from homology,,B0XSH8
B0XZV3,SPHE_ASPFC,Acetyltransferase sphE,sphE,Aspergillus fumigatus (strain CBS 144.89 / FGSC A1163 / CEA10),515,MGFLRFGRESAPPPTVQSDTIIPFHYWDDDHHTRGLSFDVTFRVDDILDPEKLRCALSRLLELGDWRKLGARIRRNAEGGLEYHVPQCFDDKRPGFAYSTVAYDMNVADHPQASRLAQPHYLDAAGRPAVQDTTYTATPEFRSFIRTPAFPDRLEGWLRSDSPQLGVRIITFLDATLVTVSFLHSLTDMMGLDAVLDAWSAVLRGREDEVKSFVGFAHDPLAGLTESKTEPLQKYVFADTLLLGWTWFWFALRYIVTIELFWQHREEERVIFLPAKHLQQMRSKAMAELTARGAHDSDTPLFVSEGDVLFAWWTRVVLRAEKPDPSRTVNMRNTYCCRSILAELGHIPSATCALVTNAVFATLTFLSVRQVLEEPLGFTAFEIRKSLIQQRNAEQLQALDRIQRKTLDNAHHPALFGNPSMYTVMMSNWVKAKLFQVDFSAAVIRKGMATGKRSNQLGRPSCIQGTGTKGYATRNTGVVIGKDAAGNFWLLYSLRKEIWPAVEQQLLSMSLDDAA,2.3.1.-,GO:0016746,1: Evidence at protein level,,B0XZV3
B0Y4I9,TRMB_ASPFC,tRNA (guanine-N(7)-)-methyltransferase,trm8,Aspergillus fumigatus (strain CBS 144.89 / FGSC A1163 / CEA10),358,MTPPPPKRQKRDEYRKATAEATSQSGASDVAEIKLPKKKYYRQRAHANPFSDHHLKYPLSPAHMDWSSHYPAFVDPDPSHINLAGARRLLKDVEVVDIGCGFGGLLIGLAPLLPESLIVGMEIRVSVLEYVTTRIQALRAQQQKLRAATATATAASETPSQQQAQIDGKQANANAAADAASPAPSTDTEHMPTTLVPGSYENISAIRSNTMKFFPNFFARHQLSKIFICFPDPHFKARKHKARIISETLNAEYAYALRPGGLLYTITDVEEYHHWILRHFGVELGAEEESEEKSTSPNANANAGVRELFERVSEEELEKDECVRVMKEATEEGKKVARNKGNKYVAVFRRKTDPEWPA,2.1.1.33,GO:0005634;GO:0043527;GO:0008176;GO:0000049,3: Inferred from homology,,B0Y4I9
B0Y8Y4,HAC2_ASPFC,Serine/threonine protein kinase AFUB_078980,,Aspergillus fumigatus (strain CBS 144.89 / FGSC A1163 / CEA10),393,MTPFHRLSRFFRQAPSPPRTPITSNFPILDSAVKIEEERMPAFDRGLFYPVKLGDVFRSRYQVLSKLGFGANSTVWFCRDLHQHRYIALKIYIRSSEVNREVQVLKHLSSVKTNHPGSSLVRKMIEEFEITGPSGSHQCIVYEPLLTSLLHFQATLKPQSLPEDLLKGALQQLLLALDYLHSEAHVIHTDDSIFREWDTSEEAEPSPRKVDSSHTIYKSRPFHRKKGWSGFGMPLLSDFGEARLGDVHDGSIQPDIYRAPEVILGMSWTSKVDIWNVGALIWDLFEDHHLFDGRGPNGDHSDAHLLAEMIAMLGPAPLNFLRKAPQSRKYWDSNGRWKGAIEVPQCSLEDSEEYLEGENKKMFMQFVRKMLRWDPEERQSAPELLTDPWLIAQ,2.7.11.1,GO:0005737;GO:0005634;GO:0005524;GO:0004674;GO:0007155;GO:0050684;GO:0000245,2: Evidence at transcript level,,B0Y8Y4
B8M3T8,NAGS_TALSN,"Amino-acid acetyltransferase, mitochondrial",arg2,Talaromyces stipitatus (strain ATCC 10500 / CBS 375.48 / QM 6759 / NRRL 1006),690,MTGLVGENFRRDGGVIPATITKNLNKSSGRQRAREKMADKEFFLSLLSSAATKRDAKAYLSRFPSVKKPKPPIPRQNQGAVETQSGKENEKPGVNLGSFYGATRSVLETPVFRQGPAPETETAHAIGLDEALHVALVKLANAQSLDDETIQGVALTLAQLTRLGMASCVVVDPGPMQDETTWRKAAAEQADRLSAAIDACDGGKARRLDSVLVKNKDRDLPKIISRQVLLRPLRNNHIVVVTPVAYSEETCKASSVPSSDAMLALTRELAGLERKHDPDEDPRVTAEIFAALQKEVAVDRLIVLDSVGGIPAFKGPQQSHVFVNMEQEFKDIEAELHEAMASIERFVDPSAESDITEAATKSNPISKFVATEVTPLSTGQQKPLIEANGGLMTSTLKGHIENLRLLQQTLTLLPPSSSAIITTPRDVANSARPHQDVLSVSQVGTRRQKNPLIHNLLTDKPVYSSSLPSERRGQTAPSIAPSTFLKRGMPLTILPDPRITPWSPNSPDGHHLTLDDPRIDLPRLVHLIEDSFNRKLDVQDYLSRVNGRLAGLIIAGEYEGGAILTWETPPDIPEQDRHKPENISRLVPYLDKFAVLKRSQGAGGVADIVFNAMVRTCLPGGVCWRSRMDNPVNKWYFERSRGTWKLNGSNWAMFWTTPRVPEEDPLKFRDYEAVCRSIQPSWADKKAVVD,2.3.1.1,GO:0005759;GO:0004042;GO:0006526;GO:0006592,3: Inferred from homology,,B8M3T8
B8MKZ3,TSTJ_TALSN,Alkylcitrate synthase tstJ,tstJ,Talaromyces stipitatus (strain ATCC 10500 / CBS 375.48 / QM 6759 / NRRL 1006),438,MSDGTLFIQDSRTSKQYTISVTSDTITAVDFQKITSPTGKLALYDPGLQNTIIKKTQITGRDPVTGITLFRGLSAKEIWNRHADFEDHFHLLVFGKYPSPEESEALRRRLAVQMTVVPETVIKAVQAFPRTSHPLPMIIAGLAAFISADPSSLPAIRGGNIYHGNRALCDEGVIRATAAYAVVMGLINSHRKQLPYVPADPQKSFYENVFAMMRCPVHHNYLVTFREGMVLNSDNGMTQSSVVLLSTASSLPDPISCLISAITAAYGPLHYGAQEAGSTTLKSIGSLDKVPEFLEQVKRRERRLFGFGHRLHKREDPRLASVKRWLKMMDYTPDQEPLLELAQEIDRLASSDEYFIKRNLRANADFYTHFLFKAWGFDWDMLCAANMFHRIIGLMAHWREAMDQPIKIFRATDLYVGPVVIQEDNRTVLEEPKIQSRL,2.3.3.-,GO:0005759;GO:0004108;GO:0005975;GO:0006099,1: Evidence at protein level,,B8MKZ3
B8N8R2,AFVD_ASPFN,Methyltransferase afvD,afvD,Aspergillus flavus (strain ATCC 200026 / FGSC A1120 / IAM 13836 / NRRL 3357 / JCM 12722 / SRRC 167),259,MQESLTSGSSASLNIHDKRFAALYELGGKITELFAKELISQSGLPWSSQEPLVVLDNACGTGAVSSVLHHTIGNDKKANWHLTCGDKSEDMLHYTRQKMLQEEWHNAEVKIVNAQDTRLPSAHFTHIFTAFAIWVCTLSAAITNLSGDLPAPSEKEIHGVYNVGWDEEASVRAKFEQAGFNDIKVRKVIKEYLVPVNQFVESCTILIPTIVNIFWTQDQRDQYESELPMAVHRYVEGKYGRDGMASMEAEAIIATGHKH,2.1.1.-,GO:0008168;GO:0032259,2: Evidence at transcript level,,B8N8R2
B8NJH3,LEPI_ASPFN,O-methyltransferase lepI,lepI,Aspergillus flavus (strain ATCC 200026 / FGSC A1120 / IAM 13836 / NRRL 3357 / JCM 12722 / SRRC 167),387,METVAAIKTLIQQLAQSTDQFGRAEINDALRELQYSLETPFDTVMRMSLDTCQVAVARIGSDLGLFKHLSQCASPQSAEELADHLGCGRELMSRLLRYMASVRMVQQTDDIKYISSNITQTLAVPGLEAGMRHAFENLWPVLMALPDFLAERKYPDIVDAKDTAFQKAFNTDQDCFHWLATQPTRIANFKVLLTDERTPNFLSTFPLEKELGSWSAEPEKALFVDIGGGMGHACIRLREKYPNQPGRVILQDLPPVLQAAQATLPLSGIESMPHNFHTPQPVQGAKFYFLRLILRDFPDHQALEILQNIVPAMDAESRIVIDDGVPPEKGARWAETGTDICIMSALGSKERTQRQWEELAAKAGLQLQALYQYTWPVVNAAMVFSLQ,2.1.1.-,GO:0008171;GO:0046983;GO:0032259;GO:0044550,1: Evidence at protein level,5ZZD;6INW;6IV7;6IX3;6IX5;6IX7;6IX8;6IX9;6J1O;6J24;6J46,B8NJH3
C0NRX4,MTAP_AJECG,S-methyl-5'-thioadenosine phosphorylase,,Ajellomyces capsulatus (strain G186AR / H82 / ATCC MYA-2454 / RMSCC 2432),313,MAALRDTYNDPVHIAVIGGTGLRELPHFTQVASLNITTPWGPPSSPITILHHTCSTSGKVVPVAFLSRHGLHHEYAPHEVPARANIAALRSIGVRSIVAFSAVGSLQEAIKPRDFVVPDQVIDRTKGVRPWTFFEGGAVAHVGFADPFDEQMAKVVRACGHSLEGDGVVLHDRGTLICMEGPQFSTRAESNLYRSWGGSIINMSCIPEAKLAREAEIAYQMICMSTDYDCWHSEAADVTVDMVMANMKMNSVNARNFIGAVLDELTKDEHAALVQAKHLEGTCKFGLSTSPGYLSAEALTKLSWLFPGYFSNN,2.4.2.28,GO:0005829;GO:0005634;GO:0017061;GO:0019509;GO:0006166,3: Inferred from homology,,C0NRX4
C1H594,LIPA_PARBA,"Lipoyl synthase, mitochondrial",,Paracoccidioides lutzii (strain ATCC MYA-826 / Pb01),439,MVASARGLRTLHSAHSSISALPASTVPRLQLAVSRCYATTTSPDCPITNSSNSSNSTPTLTPKQRITAFKDKLNAGPSFSDFVSGGGASNDSVPLDPTEAYSLKTALVGPPGKKKQIIRLPSWLKTPIPDSPNFRRIKSDLRGLNLHTVCEEARCPNISDCWGGSSKSAATATIMLMGDTCTRGCRFCSVKTSRTPPPLDPHEPENTAEALSRWGLGYVVMTSVDRDDLADGGARHVAETVRKVKQKAPNILLECLTGDYAGDLEMVALVATSGLDVFAHNVETVEALTPFVRDRRATFQQSLRVLKAAKEAKPELITKTSIMLGLGETEAQLWETLKALRAVDVDVVTFGQYMRPTKRHMAVHEYVRPDVFDSWKERALEMGFLYCASGPLVRSSYKAGEAFIENVLKKRRGEGADGSGGSSTRREDVERLVAGGVVR,2.8.1.8,GO:0005739;GO:0051539;GO:0016992;GO:0046872,3: Inferred from homology,,C1H594
C1H986,ARGJ_PARBA,"Arginine biosynthesis bifunctional protein ArgJ, mitochondrial",,Paracoccidioides lutzii (strain ATCC MYA-826 / Pb01),473,MKTQQSFHVVAGFVCFPMSKTSQSRCYSTLRDFLIPPSKQKFVPSSGTYPKGFLAAGAHAGVKESNTQFRDVALICSKTPCSAAAVFTTNKFQAAPVQVSKQVLEAREGADITGVVINSGCANAVTGKGGLEDAKSMSAKVDECNGTPSTSSKGPSTLVMSTGVIGRRLPIKRILNAIPVAHSNLSSTHKAWLNAARSICTTDTFPKLLSRTFTLPSSPNHTYRIAGMTKGAGMIHPNMATLLGILCTDVPISPAALKPLLSHAVSRSFNCISIDGDTSTNDTVALLANGAAGGQTITTPSSPNYAAMQTVLTSFAQSLAQLVVRDGEGATKFVTVRVLNSPSQADARAIASTIARSPLVKTALYGRDANWGRILCAIGYTQGIQVGTVVPERTSVSFKPVDGSEELKLLVNGEPQMVNEERAARILQDEDLEIVVDLGGGEKGGEGMAGEEGIYWFCDFSHEYVTINADYRT,,GO:0005759;GO:0004358;GO:0004042;GO:0006526;GO:0006592,3: Inferred from homology,,C1H986
C5FTN3,DMAW_ARTOC,Tryptophan dimethylallyltransferase,dmaW,Arthroderma otae (strain ATCC MYA-4605 / CBS 113480),446,MGSIEIPNCSGSLVYKTISDFIEFPNHEQKLWWHSTAPMFAEMLRVAGYDLHSQYKILGIFLNHVIPFLGVYPTRINNRWLSILTRYGTPFELSLNCSQSLVRYTYEPINSATGTPKDPFNTHSIWDALDRLMPLQKGIDLEFFKHLKQDLTVDDQDSAYLLENNLVGGQIRTQNKLALDLKGGNFVLKTYIYPALKSLATGKSIKTLVFDSVYRLCRQNPSLEAPLRALEEYVDSKGPNSTASPRLLSCDLIDPSKSRVKIYILELNVTLEAMEDLWTMGGRLNDASTLAGLEMLRELWGLIKLPSGMRDYPEPFLQLGTIPDEQLPLMANYTLHHNQAMPEPQVYFTTFGLNDGRVADGLVTFFERRGWSHMAQTYKDSLRAYYPHADQETLNYLHAYISFSYRKGTPYLSVYLQSFETGDWPISNFGIPVAKPLRSNISDPDR,2.5.1.34,GO:0050364;GO:0035835,3: Inferred from homology,,C5FTN3
C5GXZ4,ARGJ_AJEDR,"Arginine biosynthesis bifunctional protein ArgJ, mitochondrial",,Ajellomyces dermatitidis (strain ER-3 / ATCC MYA-2586),473,MKSTQSFSAVAGFVRLPKSSLGQVRYYSILKDMSIPASKQKFIPSSGTYPKGFLVAGAHAGVKESNTRFPDVALICSETPCSAAAVFTANKFQAAPVQVSKQVLETRQGTGIRGVVVNSGCANAVTGKGGLEDAKMMSAKVDECTGTPSADPQNTSTLVMSTGVIGQRLPIKKILDTIPTAHSNLASNHSAWLTAARAICTTDTFPKLLSRTFTLPSSPNRAYHLAGMTKGAGMIHPNMATLLGILCTDVPISPSVLNPLLTHAVSRSFNSISIDGDTSTNDTVALLANGAAGGETITTTSSPDYTAMQTILTNFAQSLAQLVVRDGEGATKFVTVRVRNSPSHADAKVIASTIARSPLVKTALYGKDANWGRILCAIGYSQGIAEGTVVPERTSVSFKPVDGSEELKLLVNGEPEAVDEERAARILQDEDLEIVVDLGGGEKGDKGLGGEEGVYWFCDFSHEYVTINGDYRT,,GO:0005759;GO:0004358;GO:0004042;GO:0006526;GO:0006592,3: Inferred from homology,,C5GXZ4
C6HSY8,ARGJ_AJECH,"Arginine biosynthesis bifunctional protein ArgJ, mitochondrial",,Ajellomyces capsulatus (strain H143),473,MRNPKSFCVVAGFVRLPKSSLGQVRYYSIPNDVSIPASKGKFIPGSGTYPKGFLVAGAHAGVKESNTQFPDVALICSETPCSAAAVFTTNKFQAAPVQVSKQVLEKRQGAGIRGVVINSGCANAVTGKGGLEDAKMMSAKVDECNGTPSTGPQDTSTLVMSTGVIGQRLPIKKILDAIPTAHSNLASTHSTWLATARAICTTDTFPKLLSRTFTLPSSPNRQYCLAGMTKGAGMIHPNMATLLGILCTDVPISPSALKALLTHAVSRSFNAISIDGDTSTNDTIALLANGAAGGEAITTTSSQDYAAMQTILTSFAQSLAQLVVRDGEGATKFITVRVCNSPSHADAKAIASTIARSPLVKTALYGKDANWGRILCAIGYAQGIAEGTVVPERTSVSFRPVDGSAELKLLVNGEPEAVDEERAARILQDEDLEIVVDLGGGQKGEKGLGGEEGLYWFCDFSHEYVTINGDYRT,,GO:0005759;GO:0004358;GO:0004042;GO:0006526;GO:0006592,3: Inferred from homology,,C6HSY8
C8VJ35,TRM5_EMENI,tRNA (guanine(37)-N(1))-methyltransferase,trm5,Emericella nidulans (strain FGSC A4 / ATCC 38163 / CBS 112.46 / NRRL 194 / M139),478,MAQSTEDNTRRPRPSDLPEMFRPPVNRAMRVLDRSFFKKTVPLSAATIFKNSDISRVRRALEQSKDILALPRLNTIQDIKQDDVVKKCLLLKETIRHDDTATWSPTINELVDNGVVGVGPFDLTLDYDYWLHSDIISAVLPEELLEEVPQGFTQVGHVAQLNLREQFIPWRHLIAQVLLDKNPTLRTVIRKTEDVGSQSEFRTFPYELLAGDSDMNVIQHEQDCEFRFDFSRVYWNSRLHTEHQRLVDLFKPGEMVCDVMAGVGPFAIPAGKKKIFVWANDLNPHGYEVMQDAVKRNKVFKFVTPFNQDGRSFIRWSARALQKYDPVTVTIQPRTKRTRDASGQVKETQPPLEVYTRPKVFHHYVMNLPGNALEFLDAFIGVYAGCEELFEPHTKEQLPMVHVYCFSGHSENEVDDHIDICKRMSERLEYPITVEDRVGGAGNTELELSIHNVRLVSPNKQMFCASFRLPRAVAFRKK,2.1.1.228,GO:0005737;GO:0005759;GO:0005634;GO:0052906;GO:0008175;GO:0070901;GO:0002939,3: Inferred from homology,,C8VJ35
D4AK48,DMAW_ARTBC,Tryptophan dimethylallyltransferase,dmaW,Arthroderma benhamiae (strain ATCC MYA-4681 / CBS 112371),385,MGSIEIPNCSGSIVYKTISDFIDFPNHEQKLWWHSTAPMFAEMLRVAGYDLHSQYKILGIFLNHVIPFLGVYPTRINNRWLSILTRYGTPFELSLNCSQSLVRYTYEPINSATGTVKDPFNTHSIWDALDRLMPLQKGIDLEFFKHLKQDLTVDDQDSAYLLENNLVGGQIRTQNKLALDLKGGNFVLKTYIYPALKALATGKSIKTLMFDSVYRLCRQNPSLEAPLRALEEYVDSKGPNSTASPRLLSCDLIDPSKSRVKIYILELNVTLEAMEDLWTMGGRLNDASTLAGLEMLRELWDLIKLPPGMREYPEPFLQLGTIPDEQLPLMANYTLHHDQAMPEPQVYFTTFGLNDGRIADGLVTFFERRGWNHMAQTYKDSLRAY,2.5.1.34,GO:0050364;GO:0035835,3: Inferred from homology,,D4AK48
D7PHZ7,VRTF_PENAE,N-methyltransferase vrtF,vrtF,Penicillium aethiopicum,238,MTTTTTTDDTQKLDPSASDEVIYKSWDLLIYEIWVLGIVSTWAWGCSTTEYLLPQFRANVGTNHLDVGSGTGYYLRKGGIPASTRLTLLDLERPALDLGLQRCGRSDARGLQADILQPLPVIDKFDSVSMYYLLHCIPASVEDKCAIFKHIKHNMTPDGVIHGANVLGKGVRNDGHFAAYVRRGVLKAGIFHNLDDNAYDFEHALRMNFEEVETRVVGSVFIFRASRPKLDEGDLLET,2.1.1.-,GO:0008757;GO:0032259;GO:0016114;GO:0140872,1: Evidence at protein level,,D7PHZ7
G3XSI5,AUND_ASPNA,O-methyltransferase aunD,aunD,Aspergillus niger (strain ATCC 1015 / CBS 113.46 / FGSC A1144 / LSHB Ac4 / NCTC 3858a / NRRL 328 / USDA 3528.7),424,MDDRLSSQLERYASQVTASATLIIRHLKSLKDEPSTLPSQTSVPTAVGTAQLRLAEAAFQLLHFTRDPGNVLTQLTVDLQVISAVRWLLHFEIFSLVPLEGSISYHELSSVANVPENLLRSHIRLAMTCHLFQESGPIGMVAHSPVSCQLASDPSLVSWGQYFANSVFPTATKNVNATAAWPGSKALNETAHNLAFNHHGSFFDYVSQDPARTVEFANSMKAVSTTSLFDTCHLCKSFDWSSLGDGVVVDMGGSTGHVSIALAESFPSLRFVVQDLPDVVSNSIRQLEERQLPLSVTTRIQFQGHSLLHMQPVKGAAVYLLRQILHDWPDREAVQILRSIVPALGPRSKIFIADIVLPEAGSIPATEEQVMRCNDLLLHQFTNTLERTLEDWQAIVSRVSDNLRIQHVYRDPGSILSLLVIETV,2.1.1.-,GO:0008171;GO:0032259;GO:0044550,3: Inferred from homology,,G3XSI5
L0E301,PHQJ_PENFE,Prenyltransferase phqJ,phqJ,Penicillium fellutanum,406,MTVSTESNFPHGASTQKPQSAEPEIYSSLTKSLDFSNDAEEKWWTRTAPLLSRILDSAGYTLPQQCQFLTLFNTLMIPNFGPHPHIWHSSITHSGLPVEFSVNYQPGKQPTVRIGFEPASSISGTARDPYNMVTVLNVLNKMSRLNFKGFDPSLFHTLISSLALSKNESDLLQGAKLEGSKFKTQAAFGLDLKGDAVTVKTYLYPALKCKVSGLAFSELLEAALAKHQNAHDFSRVLPLVQSYMEEGQCYNQYSFVGFDCVDSSKSRLKIYGALLDISWKKVEEVWTLGARLVNSETNKEGLRYMRALWEYLTPGKERRPVGIWNYELLPGSEEPMPKFYVDMNGENDFQNALGITKFLHHIGLTTTAEGLISKIQEYLYGVPHYPLSQTHVLFANQGPMQPRCEP,2.5.1.-,GO:0004659;GO:0009820,3: Inferred from homology,,L0E301
O93849,PYRE_COCP7,Orotate phosphoribosyltransferase,URA5,Coccidioides posadasii (strain C735),238,MSASPDYKTNLLSHLISNKVLSFGSYTLKSGRNSPYFFTTTLLHTAPLLHATASACASVLSSPPFVTTSTPDGTPRPNFDIIFGPAYKGIPLCTAVLNELGVRDTTGAWNNISYSFNRKEAKAHGEGGNIVGAPLKGKKIVIIDDVITAGTALREAVGIIEKEGGTVVGVLVLLDREERVNDNEKKSAVGCAQRDLGENVPVKAVLSLSDIIEKLGNDIGEENLKRLKEYRAQYGAEE,2.4.2.10,GO:0005737;GO:0004588;GO:0006207;GO:0044205;GO:0046132,3: Inferred from homology,,O93849
P0CL21,OTC_COCIM,"Ornithine carbamoyltransferase, mitochondrial",,Coccidioides immitis (strain RS),349,MAKNQWRPYTNGSHAPSTPRHLLSIADLTPTEFATLVRNASSYKKTIKSDSMPERLTGALSGKTVAMMFSKRSTRTRVSTEGAVVKMGGHPMFLGKDDIQLGVNESLYDTSVVISSMVSCIVARVGPHSDIANLAKHSSVPVINALCDTFHPLQAIADFLTIHESFASQSATHGTHPSSLGLEGLKIAWVGDANNVLFDLAIAATKMGVNVAVATPRGYEIPSHIVELIQKAREGVQSPGNLTQTTVPEVAVKDADVIVTDTWISMGQETEKIKRLEAFKDFKVTSELAKRGGAKENWKFMHCLPRHPEEVSDEVFYSERSLVFPEAENRLWAAISALEAFVVNKGKIA,2.1.3.3,GO:0005759;GO:0016597;GO:0004585;GO:0042450;GO:0019240;GO:0006526,1: Evidence at protein level,3SDS,P0CL21
P0CU81,CALJ_PENDC,Acyltransferase calJ,calJ,Penicillium decumbens,418,MSDFDALLANYTSKETPKVHGVICKCVDRHGICPTPHLAKRDLRLTLLGNEIYSKVAGYDSVLPGASPLREDVVLKVASATKLITSIALLQCIDKGLIDLDEPVTKVLPEFDQKQILTDVSGSDLVLEPSKTPITARHLLTHTSGLGYPFTHRLLRLRAEVRNRAGVSPSLRVTERYEMPLVFEPGTGWLYGCSLDWAGVIVSRLHGGISLEQYFVENIWQRLGLSEPFPCFNIARHPEYNARVMGGAIQTPEGRLQPKDHWAFDNPEDQDGGSGLSCTTKDYVAVLADLVSDSPKLLKPATIAEMFTPQLEAKSPGVQMLLGLRPAWDTVSGPIAENAINHGLGGVLCMDDVPEIDQPKGMLGWGGASNIVWWVNRELRVAGFFATQQAPFGNPSVTRLVNAWKKDFWAQFKTIDHA,2.3.1.-,GO:0016746;GO:0016787,1: Evidence at protein level,,P0CU81
P0DUK2,PSPB_PENSO,Type III polyketide synthase pspB,pspB,Penicillium soppii,398,MVLNHSPPPGLYITGLGSQYPPYLLGPEKLEEFAARFYDVESPGLKKLLQINRSSGIETRSAIRSYESGFATRPEAPTISELAEFYHQAGVDLTTQACKKALRESQISPQHVTHTIGVTCTNQGNPGFDLLVNRKLGLSANVDRMLLHGVGCAGGLAIMRAAAQIACGASMRRKPVRILAFACELCTPNVRHDLAFAEKAPNAENISIAGALFSDAAAAFVLCNEYAMAETEITPLFQLLEWGNSLIPDTVEHMAFFADVDGYRTVLTRDVPQYTKHAIGPMFEKLLPSYQSQIQSSSGEGVGEVAKSLGVSDFDWALHPGGEAIIEGAKQVLGLTEDQLQASREIYRTRGNSSSATVLIVLDRLRSLGKREYVVATSFGPGLAIEMAMLRRCEVDED,2.3.1.-,GO:0016747;GO:0030639,3: Inferred from homology,,P0DUK2
P33161,PGK_PENCI,Phosphoglycerate kinase,PGKA,Penicillium citrinum,417,MSLSNKLPVTDVDLKGKRVLIRVDFNVPLDENKNVTNPQRIVGALPTIKYAIDNGAKAVVLMSHLGRPDGKVNPKYSLKPVVPVLEKLLGKSVTFAEDCVGPQTEETVNKASDGQVILLENLRFHAEEEGSSKDAEGKKVKADKADVDAFRKGLTALGDVYVNDAFGTAHRAHSSMVGVDLPQKAAGFLVKKELEYFAKALESPARPFLAILGGAKVSDKIQLIDNLLPKVNSLIITGGMAFTFKKTLENVKIGNSLFDEAGSKIVGEIVEKAKKYNVEIVLPVDYVTADKFSADATVGAATDATGIPDGYMGLDVGPESVKLYQKTIAEAKTILWNGPPGVFELKPFASATEATLDAAVKAAESGSIVIIGGGDTATVAAKYKVEDKISHVSTGGGASLELLEGKELPGVAALSSK,2.7.2.3,GO:0005829;GO:0005739;GO:0043531;GO:0005524;GO:0046872;GO:0004618;GO:0006094;GO:0006096,3: Inferred from homology,,P33161
P9WEQ7,OLCH_PENCN,Polyprenyl transferase olcH,olcH,Penicillium canescens,330,MVTKCIDPCEQQNQKRPVGHLVWDLIRISRYDKYNSFLALFSGVWSTLLAGALKLRNEPESTSVSFVLSRVVLCSLASYIFSGAGMVWNDWVDRDIDAKVARTKDRPLASGRLHTMEAMAWLIIQVAASTGLLYWMMEGRHVWISLVPPAIGTLLYPYCKRPTAQKFGIYPQYVLGLTAACPAVFGRAAIYNHEDSFQDLINASFPLCLFVFVWTLYFNTAYSYQDVKDDSKMKINSSYVFAGQHIHLFLVLLTGLVLASIPWVLHPLQSGWLWVSWMGVWSVGCAEQLVRFNANDPHTGGLVWRRNILLALWTIFACLVEVLLVWIHQI,2.5.1.-,GO:0005886;GO:0016765;GO:0016114,3: Inferred from homology,,P9WEQ7
P9WEV4,STTC_ASPTE,Ophiobolin family sesterterpenoid biosynthesis cluster acetyltransferase,,Aspergillus terreus,299,MYFFRALLSPVVLWPALVSGKSNSNTANYTVEELWDLEVTFWDNFLYPANVKQVEAINSTLFTTEVQGRVDITRVFNGSELNTEYIFGLFSDPNHLSLVGVPIAYSITQFIAERNIASATTVVTFNATSFGNLLLPVTIDTWIMWDANGRIMQYDATFRWFGFLLDTLVEALATSINGTASQATAALTQLLATTVCDTHDKYCTGENQQYDNSTACYDFLTTAIPLGKDYELGRDTLLCREVHEHMVQYDPKMHCPHIGPTGGDYCVNDQTYEQKVLQKYFNVSWIVGVPWTGNIWLGD,2.3.1.-,GO:0016746;GO:0016114,3: Inferred from homology,,P9WEV4
P9WEZ3,PYTC_ASPTE,Methyltransferase pytC,pytC,Aspergillus terreus,324,MTVRTAAEPPNRIEVDMDAPSLDTDSSCTSLSSSVQRYEYKHGRRYHGYHAGSYPFPNDKREQDRLDMIHHLYTRILNDRLFLAPLDPRGKAILDIGTGTGIWALHMGDAHPAARLIVGNDLSPIQPSWAPANVRFVVDDVEKDWVDRHPYDFIHCRYMAGSIKDWPRLIRQCYAHLRPGGWLELQESVNVMYSEDGTLPPDSFMARMMHGLIVACEKIGRTMDPAPSMEKWVQEAGFDPITKHRFKIPVGSWPKDPRLKECGSLMRVNFVEGVEAFTASLFTEVLGWTPEEVAVLNTGVREEAMRNDIHAIFDFVVIVAQKPY,2.1.1.-,GO:0008168;GO:0032259,2: Evidence at transcript level,,P9WEZ3
Q00717,STCT_EMENI,Glutathione S-transferase stcT,stcT,Emericella nidulans (strain FGSC A4 / ATCC 38163 / CBS 112.46 / NRRL 194 / M139),215,MPFGTLYTRPFNPRSLAILAIAKANNLPLKIKTITSFKDATEEYLQLNPLGKIPTFVGADGYVLTESIAIALYDSNTTLLGTTGQEYASIIRWMAFGITEILPALGGWFNPLIGRANFNADNIYQSKDDTLARLKILDNHLCGREYLVGETLSLADLFVLGIVQGAFRFFLDKRWRDEHRNLSTWFERVHALPIVVDVAGPPVLAEYEMPIQPPK,2.5.1.-,GO:0005737;GO:0005634;GO:0016740;GO:0045461,2: Evidence at transcript level,,Q00717
Q0CH39,KAE1_ASPTN,tRNA N6-adenosine threonylcarbamoyltransferase,kae1,Aspergillus terreus (strain NIH 2624 / FGSC A1156),361,MLAIGLEGSANKLGVGIMLHPDDGSSPQVLANVRHTYVSPPGEGFLPKDTARHHRAWVVRLVKRTLREARISPDDVDCICFTQGPGMGAPLQSVAVAARMLSLLWKKPLVGVNHCVGHIEMGRLITGSTNPVVLYVSGGNTQVIAYSSQRYRIFGETLDIAVGNCLDRFARTLHISNDPAPGYNIEQLAKKGKQLVELPYTVKGMDCSFSGMLAAIDALAASYGLDGPQSDEAVDANSPAAVEAGENGKPTRADLCFSLQETIFSMLVEITERAMAHVGSKEVLIVGGVGCNERLQEMMGIMARDRGGSVHATDERFCIDNGIMIAQAGLLAYKTGFRTPLKESACTQRFRTDAVFVKWRD,2.3.1.234,GO:0000785;GO:0005737;GO:0000408;GO:0005634;GO:0031490;GO:0046872;GO:0061711;GO:0008252;GO:0045944;GO:0000722;GO:0002949,3: Inferred from homology,,Q0CH39
Q0CXW9,ATAS_ASPTN,Acetylaranotin bis-thiomethyltransferase,ataS,Aspergillus terreus (strain NIH 2624 / FGSC A1156),274,MAKQELMNLFLSKEFASGYKLAELVTGPFAQLLVDYSGVVQSTQRPLVILDNACGTGIISEALNRSLDSQTKGHWELTCGDISDSLVQYVNQRIQDEGWPRAKAQLVDAQDTKLPSSHFTHIFAAFECLRILQPGGTVAISNWQLPEWLVIAKSAVEAMPGDLPFPTVKEFLASLNEGWDSEEPTRVKLEQEGFDMVQVATVSQKLSLPKSTLVELIKPMLPVILGRFWTDEQRAKHEKHIPTALQQYLDDKYGASDDVPVEPRVIIATARKPC,2.1.1.-,GO:0008168;GO:0032259,2: Evidence at transcript level,,Q0CXW9
Q0CZH2,PYTC_ASPTN,Methyltransferase pytC,pytC,Aspergillus terreus (strain NIH 2624 / FGSC A1156),324,MTVLTAAEPPNRIEVDMDAPSLDTDSSCTSLSSSVQRYEYKHGRRYHGYHAGSYPFPNDKREQDRLDMIHHVYTRILNDRLFLAPLDPRGKAILDIGTGTGIWALHMGDAHPAARLIVGNDLSPIQPSWAPANVRFVVDDVEKDWVDRHPYDFIHCRYMAGSIKDWPRLIRQCYAHLRPGGWLELQESVNVMYSEDGTLPPDSFMARMMHGLIVACEKSGRTMDPAPSMEKWVQEAGFDPITKHRFKIPVGSWPKDPRLKECGSLMRVNFVEGVEAFTASLFTEVLGWTPEEVAVLNTGVREEAMRNDIHAIFDFVVIVAQKPY,2.1.1.-,GO:0008168;GO:0032259,2: Evidence at transcript level,,Q0CZH2
Q1DJR8,ALG8_COCIM,"Dolichyl pyrophosphate Glc1Man9GlcNAc2 alpha-1,3-glucosyltransferase",ALG8,Coccidioides immitis (strain RS),501,MAEFFPSLTQCALVAAAFKVLLFPAYKSTDFEVHRNWLAITHSLPVQDWYYEKTSEWTLDYPPFFAGLEWLLSKVAFFVDPAMLQLGNLNYDSWQTIYFQRSSVIFLELMLVYALNRYIKSVPAPSKHLAHAASLSILLSPGLLIIDHIHFQYNGFLYGILILSIVLARKQSTLLYSGVTFAILLCLKHIYLYLSLAYFVYLLRAYCLDPNSVFRPRFGNIIKLGIGVTSVFAAAFGPFVYWGQLNQIKERLFPFSRGLCHAYWAPNIWAMYSFVDRVLIPVAPRLGLPIKADALTSVTRGLVGDTSFAILPEVKKEHTFALTLFFQLLPLLKLWLQPNWDNFVGSITLCAYAAFLFGWHVHEKAILLIILPFSLLALKDLRYLGAFRPLAVAGHVSLFPLLFTAAEFPVKTVYTVLWLVLFLFTFERLAPVPARPRVFLLDRFSLLYDTVSIPLIVYCSLVHGWLFGGRMEFLPLMFTSSYAALGVVGSWVGFMVVYFTS,2.4.1.265,GO:0005789;GO:0042283;GO:0006488;GO:0006487,3: Inferred from homology,,Q1DJR8
Q1DKD8,DOT1_COCIM,"Histone-lysine N-methyltransferase, H3 lysine-79 specific",DOT1,Coccidioides immitis (strain RS),499,MSFFDHLQKKGVGAIQAQKVQIRKVERKPSKVVSSSSSSSIAKPQRRLDTVSKPVAARRSASSASKPARHPQPRSRPPSRKRNTIEPTLFGSSEESDTDVSLDLRITKRARVSSSVEPDLHRRVRDTDAFSDGEAAFDMIHAADIISSKKSLGFNNAFGIEDGPIIVELQYPGAPQKERYQLVVPRDNDGFKPLDDIVQVLEIVSQNYISEEHLALFEDESNGLLRRLRRALSNTSLTDFLDGVKSYNETIQRLHQDGSISRHLDSKHALALPLVERILTQVYSRTVSPRVDSLRQYENGSDNVYGELLPRLVSKIFAETRLKSDQVFVDLGSGVGNVVLQAALEIGCESWGCEMMQNACDLAELQEKEFKTRCRLWGLQPGQTHLKRGDFLEVDSVGKILQKADVVLINNQAFTPELNHKLVNYFLDMKEGCQIVSLKSFVPAGHRIQSRNLNSPINLLSVKQKQYWSDSVSWTNAAGTYFIATKDSSRLKAFLESST,2.1.1.360,GO:0000781;GO:0000786;GO:0005634;GO:0042393;GO:0140956;GO:0000077;GO:0006281;GO:0032259;GO:0031509,3: Inferred from homology,,Q1DKD8
Q1DNE1,NAGS_COCIM,"Amino-acid acetyltransferase, mitochondrial",ARG2,Coccidioides immitis (strain RS),737,MSRSTVLGWCTQSCRLLQKHDHSFSFPTFNGSPPLKKRRFCDSAAPAAPRPSIHRPSEYIPHSKSGGEAPQDLGHKAREKEAEKEFYLSLLCSASTKREAKSYLSRFKAQKTTANDGCQHITPRRGDLISDLELMKDKPGVNLGSMFSETRTVAETPAPKQEWSSAQSTELFREKIHVALVKLRKPQLLDDQTLHGVAKTLVQLSRLGMSCCIVIDVGTDKDETHRRIIAREQADRLSAVIDANHGPDSRQLDSIITVPSATDMKLSVLSRGPLLSPLQQGHVVVVVPVGYANDTQRAVLLPANEVVFALSKELAGLELRSGPDEDATTTANKVNDMQKQVSLDRIIILDPAGGIPSLQRRPHVFINLEQEFEDIARELSLGSQTGFLSINDSGTASHKMPVSSLGKSNPISIFVEEELVSLPKTLGESQEMPRNGKRFAEHLENLNLLQRTLSYLPPSSSGIIVTPHEVALSAKGPLNTSAVSAVRTRRQRNPLIHNLLTDKPFQSASLPLGRLGVKSDCMSAGQSPATHSTFVKRGMPLTMLPDPRVEVWAAKKRGEPALTLDDPRIDLPRLIHLIEDSFGRKLDARHYVDRINPRLAGLIIAGEYEGGAVLTWETPPGLSDDGSEEFRARMVPYLDKFAVLKRSQGAGGVADIVFNAMVRTCFPQGVCWRSRANNPVNKWYFERSRGTWKLPGTNWTMFWTTAGVPENQSRFWDYEGVCRAIEPSWADKTQQAD,2.3.1.1,GO:0005759;GO:0004042;GO:0006526;GO:0006592,3: Inferred from homology,,Q1DNE1
Q2U469,MPKC_ASPOR,Mitogen-activated protein kinase mpkC,mpkC,Aspergillus oryzae (strain ATCC 42149 / RIB 40),344,MEFIRAEILGTTFETTSRYANVQPVGLGAFGLVCSAYDQITQQHVAVKKMMNPFANASIAKRTYREVKLLKQLRHENLIGLCDIFISPLEDIYLVTELLGTDLGRLLRARPLDNKFAQYFMYQILRGLKYIHSAGVIHRDLKPSNLLVNENCDLKICDFGLARVQEPQMTGYVSTRYYRAPEIMLTWQRYGKMVDIWSAGCILAEMLRGKPLFPGKDHIHQFFLITEVLGNPPPEVVQKITSGNTQRVVNSLPNQEPRPLRAVFHEFDNDVISLLEQLLLFDPDKRLTAETALQHPYLAPYHDPDDEPAALEKFDWSFNDADLPIDTWKLMMCVAIGSAKCAPN,2.7.11.24,GO:0005524;GO:0004707;GO:0106310,3: Inferred from homology,,Q2U469
Q2U4W2,MOC2B_ASPOR,Molybdopterin synthase catalytic subunit,cnxH,Aspergillus oryzae (strain ATCC 42149 / RIB 40),179,MTTSEDQTTPAHLDPKTYPRHLTDPTQNIHLELTYSPLNAQSALDKISSPAAGANVLFLGTTRNTFEDRAVSQLSYTAYPPLTLKTLAGIARDAVAKHGLTGIVIAHRLGVVPIREASIVIAVSSGHRRAAWRAGEEVLEICKEKAEIWKREEFVDGGMEWRENRERDGEGKKVVVSEN,2.8.1.12,GO:1990140;GO:0030366;GO:0006777,3: Inferred from homology,,Q2U4W2
Q2U6A4,ALG3_ASPOR,"Dol-P-Man:Man(5)GlcNAc(2)-PP-Dol alpha-1,3-mannosyltransferase",alg3,Aspergillus oryzae (strain ATCC 42149 / RIB 40),413,MELKHFIHELCLNPRHTKWIAPLLVIGDAFLCALIIWKIPYTEIDWTTYMQQIALYISGERDYTLIKGSTGPLVYPAAHVYSYMALYHLTDEGRDILFGQILFAVLYLVTLAVVMVCYRQSGAPPYLFPLLVLSKRLHSVFVLRLFNDGLAVCAMWIAILLFQNKKWTAGVTAWTVGVGIKMTLLLLAPAIAVVTVLSLSLVPSIRLGILALLIQVLLAIPFLQGNPIGYVARAFELTRQFMFKWTVNWRFVGEDLFLSKQFSLALLGLHIFLLGLFVTTGWLRPSGSNVPDFLRSLLQGRQRTVVLSKSFIMTVMLTSLAIGLLCARSLHYQFFAYLSWATPCLLWRARLHPILIYAIWALQEWAWNVYPSTNASSSVVVFSLAVQVFGVLLNSRNALSDAPPRRKGKEHIQ,2.4.1.258,GO:0005789;GO:0052925;GO:0006488,3: Inferred from homology,,Q2U6A4
Q2UEK8,ASTG_ASPOR,O-acetyltransferase astG,astGA,Aspergillus oryzae (strain ATCC 42149 / RIB 40),471,MGEQTEFEPIQLSPLDQAIPPVYIRILLCFSVVNVDRAISQLQTGVSSLLSALPFLSGDVVRYTAPGKTKWLYQLCPPTHQVQATGVLVVKHHQMRCMVDEKRFAPSSTSHIPLSPFAEPARPAPIFRVQANAYIDGITLGFAFHHIAVDATGMGVIISELARHCRSSPPPSLLCPDYERATRQLISNSRATECSGLDHSGDYISCQALSPPAEGSEDASPSIEISTETRTFVFPAARLESLKNACIEMLPTLDQQQRQQNPCLDEPARTKVPWLSTNDVFVALLWVCLTRCRYQEDQNSGLPSDEHTRICMGVNMRSRIQPPLSADYLGNAILSLSFKLNVNVFRRTQVTNESIEGVDSKDIEHKQWLATICRVARNIRRGVNGMDDSYFRSVVSFLEDSSDCRLFDYARCDFCVPSWRHLCVYHADFGEMGRPKSLEVFDVPGDGSFCILPQHYGAAAPWELLLGLLKA,2.3.1.-,GO:0016747;GO:0016114,2: Evidence at transcript level,,Q2UEK8
Q2UH15,GPI10_ASPOR,GPI mannosyltransferase 3,gpi10,Aspergillus oryzae (strain ATCC 42149 / RIB 40),728,MSTSSRRRRSPLELSSSRSSSSSSSSYASWASTTSPSTSTSTPPSLSRTTTVSTSHVFLFLLAFRLLNALSLRTFFQPDEFFQSLEPAWQTAFGETHGANGDTICGLPSILCYLLQFILSPTLPRALFVSPPHSAILSAIGDLYTWKLARYVYGRRSHEAWAALALTVLSPWQWFCSTRTLSNCLETTITIVALNLWPWEWSSESTPTVQPRRNTRSTTRDTGLDNTGDGAVVVRLRKCLTLAALACILRPTNILIWMGLAGVAWFRSAWRERTILCREVLLCGVSVLTGSVVLDRLYYGLWTFPPLKFLYFNIAQSLAVYYGRNDWHYYATQGYPLLLTTALPFTLVGLYRTLSQSQSTINTRNVSVQTQLAAICLLMPLVLSLISHKEVRFIYPLLPSLHVLTAPPLVDFFLPAVSRSNGAYMPRRLSLVFLLLVNITVAIYTSVYHASGTLNVLSYLRDQQQAHTTVDKSAYSPGSSQRITAGFLMPCHSTPWRSHLVDPNIHAWALSCEPPVDLTEPQKAVYVDEADQFYNDPSQFLRENMVGGLRHLPRKPSYLASSKSLEASPQAYQQATPHEWPDYLIFFAQLEPTLHSFLRSSSYGECWRTWNTAWHDDSRRRGDIIVWCLDPTEQAAWRSATRKRTLEHRDHQFDRIVETLRKNAPAEILPLDSMDILSVRAIGLLNLVLVLALGTTQTVLVRNPVTSLEEVLMDPSDMDLAKIFQEEN,2.4.1.-,GO:0005789;GO:0000026;GO:0006506,3: Inferred from homology,,Q2UH15
Q2ULA2,LAEA_ASPOR,Secondary metabolism regulator laeA,laeA,Aspergillus oryzae (strain ATCC 42149 / RIB 40),498,MSSEKQPFYEENGRMYHAYRKGVYMLPCDEQEQDRLDIFHKLFTVARVSDGLMYAPHPRNGRFLDLGCGTGIWAIDVANKYPDAFVVGVDLAPIQPSNHPKNCEFYAPFDFESPWAMGEDSWDLIHLQMMFGNGQTGQRLPAMASPPHDSYYSQSLASSRSRNNSDAMDIYAITDRDPPAREPSGYSQWYRNGSPSVNSIHSKSSEKQPFYEENGRMYHAYRKGVYMLPCDEQEQDRLDIFHKLFTVARVSDGLMYAPHPRNGRFLDLGCGTGIWAIDVANKYPDAFVVGVDLAPIQPSNHPKNCEFYAPFDFESPWAMGEDSWDLIHLQMGCGSVMGWPNLYRRIFAHLRPGAWFEQVEIDFEPRCDDRPLEGLAIRQWYQYLKQATQDAMRPINHNSRDTIRDLQEAGFTDIDHQMVGLPLNPWHQDEHERKVARWYNLAVSESIESLSMAPFSRIFNWDLDRIRRISSEVKSEAFNKEIHAYNILHIYQARKPAN,2.1.1.-,GO:0005634;GO:0008168;GO:0032259;GO:0030435,2: Evidence at transcript level,,Q2ULA2
Q2UPB3,ACLM_ASPOR,O-methyltransferase aclM,aclM,Aspergillus oryzae (strain ATCC 42149 / RIB 40),433,MDAPLTDAERTALQTSLEALNRQVEATRNILRSNSQKALLQTLHTDQELPDPALEALAGKTINLLHETQQLLEPGHLVLADHFLGYVSTKCLCAAVELKLVDILADADEAGMTVDELADASGAHPDRLQQVLRVLRNDNIFDYDAVSHRYRNNRVSALLHSEHWTQWHNWVDLYGNEFYDIARGIPRSIRREEARWAAQINFDTNDDMFTYFQAQGWLPRLHRTLGGGAIAQAPGIVADYPWHEIGSRTVLDVGGGGGGFLASLLREYPQMRGGILDLPRTIEHACTLFHEPQGPYFDLRERVPRENLIAGDFLKAVPAFEIYTMKWVLHDWKDPDVLTILRCIRASLIPGPDSRLVILESNLSDGQMGRLSRYGDINMMMTANGQERSEEQWRALAAASGWEVSRIYPMRRAWVCAIDLRPSASESGDRKHS,2.1.1.-,GO:0008171;GO:0046983;GO:0032259;GO:0044550,3: Inferred from homology,,Q2UPB3
Q4WBI0,SPYB_ASPFU,Acetyltransferase spyB,spyB,Aspergillus fumigatus (strain ATCC MYA-4609 / CBS 101355 / FGSC A1100 / Af293),591,MCMDRLVESYPTGDPGDACRILGPIAIMQADLEEISEFGLQTSIFGRPTPISRLHHTVSSLHHFESGHWVSTYKSRPAAFFFTSGDFHSDQFNKAIAGRRDFVRSCRRGHAERNYSGFSLADGTIIWTLKYVPLAASRCLIFLRVIRMQKFSDQVKEMPRRERRVLETLLYALPFLLAQNLVPAILILKTKKNAVLRYLWIFWSVFVFYQWLQIPISHGESGTYVAKVGVQLFIVILQGFNLVLINPLDRDELLQTKVTGPRDDLLRQVYKVARLFTYLRGVRTPWQVKGIPSHPAYLELQPKTPISRSAFLVRQAAIVAWLYLYLNCANSLADRNSSPLSKPIYGLGYLRVSREEWRTRIMTSLMFWFAFLRAAVDIDYRTASILSVGVGLDAPEDWPPLFGRANQAYTLRNFWGTYWHQMFRWPFTATSNYLARELMALPRPSLLERYTNIFFVFLVSGVMHVMSDLLMGISMSQSASILFFCSMAVGVMIEDAVQAAWTRVSDSHRPGGASTVDSDGYAVPCWHKLVGFIWVCVWLSLTTPAWLCPLQMSKEKSLFLVNIPELVGTRKAIAITVGGGLLVKYTFRGEL,2.3.1.-,GO:0016020;GO:0008374;GO:0006629,1: Evidence at protein level,,Q4WBI0
Q4WBI5,SPYF_ASPFU,Polyprenyl transferase spyF,spyF,Aspergillus fumigatus (strain ATCC MYA-4609 / CBS 101355 / FGSC A1100 / Af293),343,MCKMYKVVETDASPGQRSVLQLVKDLLILSRFHKYNPWLAVFSGGVSLPILIGNSHPLTSGVSVWATLLAGANQIATHPASISADHIVKQTLLCLICGYIFCGAGMVWNDWIDRNIDKNVARTKNRPLAAGRVTATEGFIWMMVHVAAMIPVTISTILYPFGKRQLCRRLYIYPQYFLGFSLAWPGAIGWMAIKGRQIPFTQSISESLPLSITVFTWTLYLNTAYSYQDVVDDSKMNVNSAYVAAGSRIHMFLVILAGLVLGSLYLQLRAQNSGWLWASWMCVWALSFVHQLLRFDAKKPESGGPLHKENFALGVWTIVACAAELGLSSGMADQFFSNRVFRR,2.5.1.-,GO:0005886;GO:0016740;GO:0016765;GO:0016114,1: Evidence at protein level,,Q4WBI5
Q4WD44,FSQC_ASPFU,N-methyltransferase fsqC,fsqC,Aspergillus fumigatus (strain ATCC MYA-4609 / CBS 101355 / FGSC A1100 / Af293),366,MSSNVQDIRGWPPPFANAAYQPDASSRRARYGGLQVHNLRQATTANSLVPSIIQGLRAEDRELPSLLLWDDQGLSLFNAILDSPEYYLANKEWALLHNEVHNIVASISSGDRLVELGAGNMKKTALILHTLQSQRKYIHYIACDVDRVALQRGLRNLQAIFPASTSSIKIQGLVATYEDCAAWLQRNPGSGHTSLMWLGNSLANFPPPEASEYIRSFLSTGASLILALDGCQDHEQIARAYEGPSNQKFVLNGLRHANDVLGTDAFDVRNWSFLGRWNPELWMHESFYAAKRDLTLKIGRETFVFRKGETIRSIRSGKWPKPKVVDICREAGGDVVDWWMNPDESYGKSTTLMGYLARVLIDSVSD,2.1.1.-,GO:0008168;GO:0032259,2: Evidence at transcript level,,Q4WD44
Q4WLD0,PYR6_ASPFU,Polyprenyl transferase pyr6,pyr6,Aspergillus fumigatus (strain ATCC MYA-4609 / CBS 101355 / FGSC A1100 / Af293),320,MATAQSPTQLVRTLIDVSRFDKYNCLFAIFPGVWSIFLAAASRHADGVHLPSDWVLGRAGLAFAYTYLLSGAGMVWNDWIDRDIDAQVARTKNRPLASGRLATRAAIIWMLVQYAASVWLMDRMLSGQNLWTFMLPLTTGIILYPFGKRPTTRKLGIYPQYILGASSALTILPAWASVYGDSVAPPDLLAKCLPLCVFLFLWTIYFNTAYSYQDVKDDCRLSVNSSYVLAGQYVHGLLLLQAVAVVMVIPWILHENGSAWLWFSWLGVWTAALAEQLYLFDTKDPSTGGRVHRRNFALGIWNVLACFVELLLVSGSLDMF,2.5.1.-,GO:0005886;GO:0016740;GO:0016765;GO:0016114,1: Evidence at protein level,,Q4WLD0
Q4WQ21,GPI18_ASPFU,GPI mannosyltransferase 2,gpi18,Aspergillus fumigatus (strain ATCC MYA-4609 / CBS 101355 / FGSC A1100 / Af293),441,MSRMTVLSPSAGSQSACSLGLILVNPRRPLRSLSILFGLWKALIFLVIVICPGLGYDTSTSLLLYPTRDLSDVDPLHFPLSLRFVRWDSIYFVHAAEHGYVFEQEWAFGYGYTRLLALLASVLVLYRLSVNIFGGDTAKQKTLCFLSAALHIISPAGAFLSAPYGEALFSLLNISGLYLYSSSVLDAATNHRLSRDLKLLAAAVLISAATAVRSNGILGGVLFAYDALLQLPQILSRGLSLAVVSRLAVIVLGGCVIALGMAVPQYIAFNAFCMTSNAPRPWCGWTIPSIYRFVQEKYWNVGFLRYWVVPNIPLFLLAMPILALLLRSAFWAWRLPSVTSKFSENGANGALTKAMWLLPRLAIIQALLAVLAFTSYHVQIINRLSSGYPLWYWYLAAELISDFKNSQSTNKCISISAVAVQAIMIYGLIHAVLFGSFLPPA,2.4.1.-,GO:0005789;GO:0031501;GO:0000009;GO:0004376;GO:0000030;GO:0006506,3: Inferred from homology,,Q4WQ21
Q4WQB9,TRMB_ASPFU,tRNA (guanine-N(7)-)-methyltransferase,trm8,Aspergillus fumigatus (strain ATCC MYA-4609 / CBS 101355 / FGSC A1100 / Af293),358,MTPPPPKRQKRDEYRKATAEATSQSGASDVAEIKLPKKKYYRQRAHANPFSDHHLKYPLSPAHMDWSSHYPAFVNPDPSHINLAGARRLLKDVEVVDIGCGFGGLLIGLAPLLPESLIVGMEIRVSVLEYVTTRIQALRAQQQKLRAATATATAASETPSQQQAQIDGKQANANAAADAASPAPSTDTEHMPTTLVPGSYENISAIRSNTMKFFPNFFARHQLSKIFICFPDPHFKARKHKARIISETLNAEYAYALRPGGLLYTITDVEEYHHWILRHFGVELGAEEESEEKSTSPNANANAGVRELFERVSEEELEKDECVRVMKEATEEGKKVARNKGNKYVAVFRRKTDPEWPA,2.1.1.33,GO:0005634;GO:0043527;GO:0008176;GO:0000049;GO:0036265;GO:0030488,3: Inferred from homology,,Q4WQB9
Q4WR21,HELD1_ASPFU,Acyltransferase helD1,helD1,Aspergillus fumigatus (strain ATCC MYA-4609 / CBS 101355 / FGSC A1100 / Af293),478,MESIPLSPFDLQGSFSNIPYAFFYENTQSENDFMPFDFLKGSLWASLQRFPILTGRLRARSTGHIVVEVDAGNPNQPDIRETLCDSVHWSQLKESSFAWDAWPAGVATVGPVATAAADGEIKLLNIHVMRLAQNSGVILFINIPHYVVDGVGYFAFINHWAETMRMQQQQQEQENEARSRFSFDRGIIQRYLPTERAPLDPLTASIYGQRNLLVDWLAWLSPTTLGGLLSKTAAMARGEAHLFRIPRASLDQVHKDVQPYIPASARLSDNDLLVALISKTYIQSQPQPKPPTGFLSWLRPGQGQPESHCTVRIPCDVRRHLKVRERYTGNLLLGMMVRTPLAELARPTSSETLAAAALNVRQSIERVQPGLVAAYHDLIQANPTSHMRPLAFTATRTTTSLVTTSQVRFPMYEADFGSGKPCFVCLTPVFAGSYTMAAILPTPEGREGGVYVLLTSNVEAMQGIKKNQYWNGLVEIIW,2.3.1.-,GO:0016747;GO:1900812;GO:0019748;GO:0044550,1: Evidence at protein level,,Q4WR21
Q4WWW9,MOC2B_ASPFU,Molybdopterin synthase catalytic subunit,cnxH,Aspergillus fumigatus (strain ATCC MYA-4609 / CBS 101355 / FGSC A1100 / Af293),188,MATQPPQDQTSTTPSLPPHLDPTTYPRILTSATHNIHLELTYSTLNPTVALEHTSSPAAGANVLFLGTTRDTFEGRAVSQLSYTSYPPLALKSLMSIATRAVEKFDLKGVYIAHRLGVVPISEASIVVAVSAGHRGMAWKAAEEVLEEVKEKVEIWKREEFVDGGMEWRENRERDAEGRILSSTEGGK,2.8.1.12,GO:0005829;GO:1990140;GO:0030366;GO:0006777,3: Inferred from homology,,Q4WWW9
Q4WZJ6,RAD18_ASPFU,Postreplication repair E3 ubiquitin-protein ligase rad18,rad18,Aspergillus fumigatus (strain ATCC MYA-4609 / CBS 101355 / FGSC A1100 / Af293),418,MEQTFDLPDSTDWLETPLSLVSPLESSLRCQVCKDFFDNPVITSCSHTFCSLCIRRCLSTEGKCPACRSSDQELKLRRNWAVQELVEAFQNARPSMLELARKAANSRLDGGYVTGQPAAKKRKVDQEDGPDASGSEGIRTRSQSRRGNSQAEPVVVDAIEDDQDKEYIPEDGLVACPICGRRMKNEAVFQHLDICTGDPAPLKQASFGSLQPMSPASRKSKDVTDKPPERLPTINYSLLKDNVLRKKLKDLGIPNWGPRPLLQRRHTEWMNLWNANCDSKAPKSKRELLHELAVWERTQGGHAAPSSESSNTVMRKDFDAAAWSNNHGDEFKRLIANARKRKDAVIRTTIPQAAPARDGTSTASAPEQSTEMSTPPEVAERLQTQTVPEGTSVATIAENETGTIQTPNITQVVSSPPE,2.3.2.27,GO:0005634;GO:0097505;GO:0003697;GO:0061630;GO:0008270;GO:0006301;GO:0006513,3: Inferred from homology,,Q4WZJ6
Q4X1W8,SET9_ASPFU,Histone-lysine N-methyltransferase set9,set9,Aspergillus fumigatus (strain ATCC MYA-4609 / CBS 101355 / FGSC A1100 / Af293),622,MPSAKKRDSPSVDRRDRLTLAKLASYDDIATDALVDRAYFWTNTRKNRTKYNPMRGIVDDDVARVLLHDVIVAKDLAKAERELLAMSGLKKFMARLPNNREKDWFRRHLRKYIQMYLPDSPFEITTTNRYTITEYEAAVCARKFIKQGQEIKYLSGTLVPMTREEERDLDLKRKDFSIVMSSRKKTPSFFLGPARFANHDCNANGKLVTRGSEGMQVVATRDIYIGEEITVSYGDDYFGIDNCECLCLTCERLVRNGWAPHVPSEPQSKASTPALNDDTLSTDSHVSSKKRKFAPDSDIETSAPSTPCKRGKFVRQSSKLKSEVSFLEVATSIEQPAGPSPVCNGSDMGALGNSTVESDNDKAVDPALPSPPADSPPSTAANESERSSTSTTATSVCDAAVKIKVEETIEQSAEKVSALSEANVELPTTSLRSGSTEGDTKLELSDQPSTLKQGSIGSNRKERRKSRGKPLVVESVEAERQLVRVPGDYTKTSKLLAQTYDRWVDCHTCNAWFVQHDSYLTRRECPRCERHSMLYGYRWPKTDKEGPSDDEERVMDHRTVHRFLYPEEEALISRKDRGVSFGVTPTPELSEPRTETEGSEGCEDRRTTRASRRRTRSLRMTM,2.1.1.372,GO:0005694;GO:0005634;GO:0042799;GO:0140943;GO:0032259,3: Inferred from homology,,Q4X1W8
Q4X251,AKR1_ASPFU,Palmitoyltransferase akr1,akr1,Aspergillus fumigatus (strain ATCC MYA-4609 / CBS 101355 / FGSC A1100 / Af293),738,MSSGTPSTEPESSGRSAGMSTSPTSIPAGKGTTTPPKVTQQDVSVELKNMRPDRSPPKGSIPLGEDIMQIARIGEIGPMQRLFDEKKFTANYQDEEGITPLHWAAINNQYAMCKFLLDNGADVNAKGGDSVATPAMWAAQRCHYYIVHLLLQHGADPLLTDVQGYNILHLATIDGNAFLLVLLLHQEIPVDVIDQQGHTGLMWAAYKGYPACVDLFLRWGANVNAVDDGGLTPLHWALVKGSLPCVQKLIEYGADRFAKTRDGKSPATVAGEMNTTRVWYRALDECGYDVDGNTKVLPMGLTSWLRNKSVMSKFFFLWPFLMVYAAVYILSHMVIYAAIPIMLVATFGLQWVAQKAASQAPSEYRVLQKTPYLSGVFAGSLFWVGVTYIFSVLPATYSTSPILNILFAVFYCLTTYFYIYSMTEDPGFVPKTGSRNQQKVVINELFEQWKFDEENFCVFCMVRKPLRSKHCKRCSRCVAKHDHHCPWIDNCVGANNLRHFVLYIICLEIGIILFLQLTYRYINILPAPVEHACNIINEELCGFVLRDPFTLVLDLWIAIQLVWVTMLCAVQLVQISRNQTTYENMRGHSIDRSYPSSRAFASAITAGTTSLEAAGLSATGQGPNPALARGHSHRGRRHGCLQQWSSLLGIDTFFATARDGLRDGPRADRPKNPFSRGIITNCRDFWCDPAPYFGKREPGTAMLGGEIVNYNQMYEVPMRMYSDGRYQSVAHDDPEQHV,2.3.1.225,GO:0031901;GO:0000139;GO:0019706,3: Inferred from homology,,Q4X251
Q5AYR1,KAE1_EMENI,tRNA N6-adenosine threonylcarbamoyltransferase,kae1,Emericella nidulans (strain FGSC A4 / ATCC 38163 / CBS 112.46 / NRRL 194 / M139),363,MIAIGLEGSANKLGVGIMLHPKDGSTPQVLANIRHTYVSPPGEGFLPKDTARHHRSWVVSLVKKALKEARISVDDVDCICYTKGPGMGAPLQSVAVAARTLSLLWGKELVGVNHCVGHIEMGRLITGASNPVVLYVSGGNTQVIAYSSQRYRIFGETLDIAVGNCLDRFARTLHISNDPAPGYNIEQLAKKGKQLVDLPYTVKGMDCSMSGILAAIDALAATYGLNGEQPDEEEDVTDVTPVSDGALESRKPTRADLCFSLQETVFSMLVEITERAMAHVGSKEVLIVGGVGCNERLQEMMGIMARDRGGSVHATDERFCIDNGIMIAQAGMLAYKTGFRTPLKESTCTQRFRTDDVFVQWRD,2.3.1.234,GO:0000785;GO:0005737;GO:0000408;GO:0005634;GO:0031490;GO:0046872;GO:0061711;GO:0008252;GO:0045944;GO:0000722;GO:0002949,3: Inferred from homology,,Q5AYR1
Q5B0M8,ALG10_EMENI,"Dol-P-Glc:Glc(2)Man(9)GlcNAc(2)-PP-Dol alpha-1,2-glucosyltransferase",alg10,Emericella nidulans (strain FGSC A4 / ATCC 38163 / CBS 112.46 / NRRL 194 / M139),608,MNAQPRSALALAARYAVPFGLLLIPIWMTQVNSVVPEPYLDEAFHIPQAQAYWSHQWTQWDPKITTPPGLYLFSYAVCALILLLRGSPEHLDPPALRATNAAAAAVLLPLRLQTALDTVRKQRNTRPSGAWLSHTVLNICLFPPLFFFSGLYYTDVLALLVVIEAYNWDLSRGRPNAVKLETAVFLVLGVLALLFRQTNIFWVSVFFGGLQVVRRLRRVTKNCESTNVADILAAGSRNELYDPLVLDASLVDYVKTAASLCSVALNNLGSVITSLVPYLIILATFGGFVLWNGSVVMGHKEFHTASLHIAQMLYIWPYFVFFSWPLLLVPMANIVLPKFMLPKFLNQGFPASRRRLPSLLTVLIILPIMLAVVHFNTIVHPFTLADNRHYVFYVFRILLNSHPYTRYVATLVYFLGAWMIISAMGYSPVTAAPGLASVVRTQAPPASATSAEERTEKTQKLERKQKGFKKSAQVASSAPAPIDPKVLADLQEHIRRRQRLEHETSRVSFVLVWLAATALSLISAPLVEPRYLIIPWVMWRLHLPPSPTPVIYRRASDEKDLEARIAVNFPLFLETVWFLLVNVITGTLFLRGGFEWPQEPGKVQRFLW,2.4.1.256,GO:0005783;GO:0005789;GO:0106073;GO:0006488;GO:0006487,3: Inferred from homology,,Q5B0M8
Q5B0V6,AKR1_EMENI,Palmitoyltransferase akr1,akr1,Emericella nidulans (strain FGSC A4 / ATCC 38163 / CBS 112.46 / NRRL 194 / M139),737,MSSGDPPSGLQASGSNSSAALGLSPPSAPSGKSAATPPKVATDDASVELSSMKSERSPAKSIPLGEDIMQVARIGEVSVMQKLFDEKKFTANYSDEEGITPLHWAAINNQYAMCKFLIDSGADVNAKGGESVATPAMWAAQRCHYYIVHLLLQYGADPLLTDVQGYNILHLATIDGNAFLLVLLLHQEIPVDVVDQQGHTGLMWAAYKGYPACVDLFLRWGANPNAVDDGGLAPLHWALVKGSLPCVLKILEYGADRFATTTDGKTPALVAQEMNTRHVWYRALSECGYDADGNRKVLPMGLGPYVRDKAIMSKFFFFWPFLLLFVVLWILSNMVVYFAIPVAAVAVFGLQWVAKKAASQGPSEFRIIQKTPFLAGVFAGSLFWVFVRYVLYVLPATYSTNPFLNLGFVVFFSLTTYFYFYSMVADPGYVPKLGSRNEQRAVIGQLFEEWKFDEENFCVYCMIRRPLRSKHCRRCSRCVAKHDHHCPWIDNCVGVNNLRQFVLYILCLEIGIILFLHLTFNYINGLPAPAEPICNILNDQICSFVLRDTFTLLLDVWIAIQLVWVTMLGVVQLVQVSRNQTTYENMRGHSLDRGHSSTRAFASAVTAGTTSLDAAGLSASGQGPNPALAQGGHRHRGGCLKQWSSLLGFDTFFATARDGLRDGPRAARPRNPFSRGIVTNCRDFWCDPAPYFGKREPGSAMLGGEIVNYNRMYETPSRMYSSGDYRSVAYDEAADIV,2.3.1.225,GO:0031901;GO:0000139;GO:0019706,3: Inferred from homology,,Q5B0V6
Q5B1J4,MPG1_EMENI,Mannose-1-phosphate guanyltransferase,mpg1,Emericella nidulans (strain FGSC A4 / ATCC 38163 / CBS 112.46 / NRRL 194 / M139),364,MKALILVGGFGTRLRPLTLTLPKPLVEFGNRPMILHQVESLAAAGVTDIVLAVNYRPDVMVSALKKYEEQYNVKIEFSVETEPLGTAGPLKLAESILAKDDSPFFVLNSDVICDYPFQQLAEFHKRHGDEGTIVVTKVDEPSKYGVVVHKPNHPSRIDRFVEKPVEFVGNRINAGMYILNPSVLKRIELRPTSIEQETFPAIVRDGQLHSFDLEGFWMDVGQPKDFLTGTCLYLTSLTKRNSKLLAPNSEPYVYGGNVMVDPTAKIGKNCRIGPNVVIGPNVVIGDGVRLQRCVLMENSKVKDHAWIKSTIVGWNSSVGRWARLENVTVLGDDVTIADEVYVNGGSILPHKSIKQNIDVPAIIM,2.7.7.13,GO:0005737;GO:0005525;GO:0004475;GO:0000032;GO:0009298;GO:0006486,3: Inferred from homology,,Q5B1J4
Q5B433,PFA5_EMENI,Palmitoyltransferase pfa5,pfa5,Emericella nidulans (strain FGSC A4 / ATCC 38163 / CBS 112.46 / NRRL 194 / M139),486,MAGQPDRRINLAVARVIPVVLFGIIIYSCYVITKPLCIDYLIDPLPKYNRPSRVGAGAAILVVFYILLLFVIITYVRLLYTVVYNPDLLPRSQAADQQSTPAKRSKSRSRRKGHGHGHRKSKSDEVSDKPVSDVERALDYNAGPMVLPWDTAGLEYFYKKDVFVCQPDGRPIYCSKCCHYKPDRTHHCREVDRCVRKMDHFCPWVGGVVSETSFKFFIQFVFYTALFCMTVLIVCAIYTAELRQDVSLISGSRNMLIISRLVMLTLIGLSDSLQLAAFNLTTIENLNRRSAVWTLAIRVPNHMISRIQPGTRWAPTFRTITYPLPPVPPPLSGMPTQPATGEGDNPYSPPPVPSTDPSAEQHIFAILQTLPGENPFALGSPLKNLQQVLGHSIIDWLLPIKRSPCADHSSAESEFVMGPVVSRLKKEAGLESKDAAAGSITTKHKNSSYNSSPSAPADKRSKRKQKRGKHHHHHHHHRHSSTTGTT,2.3.1.225,GO:0005783;GO:0005794;GO:0016020;GO:0019706;GO:0006612,3: Inferred from homology,,Q5B433
Q5B8A2,PKFE_EMENI,Prenyltransferase pkfE,pkfkE,Emericella nidulans (strain FGSC A4 / ATCC 38163 / CBS 112.46 / NRRL 194 / M139),309,MYSKSWILNALPAPLVPYCELTRVGYLPIGVLVSYLPVLVAILHVAAVARLPYDNILDSCLQWLPLCYVYSAYGCVVDDIADQDLDRKVERCQHRPLVRGAVSTTSACLFAASLASLAVFLTKTFFPDQPAVHIPVALAGSIIYPFLKRFTNFALLYLAFLYVATGLNASRTIGYDILSAPDHLLTSNLLLAAAVFIANVSVETIYMHADLEDDIKSGIGSLAVKIQGYSKPVLFLAAVAYGSLVLASGLAAEFGKWYFTGAITSALTLFTLVARVDLKNGKMCEQFFFMGNAVLMSLLAAGLYGECIA,2.5.1.-,GO:0005743;GO:0008412;GO:0006744,2: Evidence at transcript level,,Q5B8A2
Q5BE04,HST4_EMENI,NAD-dependent protein deacetylase hst4,,Emericella nidulans (strain FGSC A4 / ATCC 38163 / CBS 112.46 / NRRL 194 / M139),595,MAPRKTKPATKPAAKPTPASTATTSSCPSPKSFPIPMEVDDFSFSDSELSDAQSLIEPEGFSLLSPDESSGGRSQDELPPARKKRRVAGPKERRTQHLDLTPRLGFSDYGDQEPQLNLLVNTIRNHKKIVVIAGAGISTSAGIPDFRSDDGLFKTLQKKHNLKASGKLMFDAAVYQDEALTASFQEMVRSLSEEAEKSSPTAFHHMLARLGSDNRLTRLYTQNIDGIETSMPPLATQIPLNVKAPWPRTIQLHGSLEKMVCQKCRHMSTFDRVMFDRPDAPECPECVLTNQFRMETGQRSHGIGKMRPRIVLYNEHNPDEEAITSVMNADIRSRPDALIVVGTSLKIPGVRRLVKSLCSVIRSRRNGVTMWINNEPPSGKEFEDCFDLLVKGDCEEVARLAQLKRWDDDSKPIFDECQSADVERVKNEQGPLSVVITTPKKEKVQAQTGMLTPSSSYDGDVENASTTTLSNPASKGRKLTEILKASKKDAPKTESAGVKKPAPRKRTKKEPVKNAKITTFSKVTKAQKVTPEEKSVKLEEHKAMHPLPPGAARTNAPMLPGLAKDDSKSTPSGKRGQLETISPDRIPKGMGKLLD,2.3.1.286,GO:0031934;GO:0005634;GO:0017136;GO:0046872;GO:0070403;GO:0000122;GO:0031508;GO:0000183;GO:1990414,3: Inferred from homology,,Q5BE04
Q5BFG0,DPH5_EMENI,Diphthine methyl ester synthase,dph5,Emericella nidulans (strain FGSC A4 / ATCC 38163 / CBS 112.46 / NRRL 194 / M139),285,MLYLVGLGLADERDITVRGLEVVKKAERVYLEAYTAILLVDKAKLEAFYGRPVIEADRELVETGSDDILANADKVDVAFLVVGDPFGATTHTDLVLRARELGIESKVIPNASIMSGIGCTGLQLYNFGQTVSMVFFTETWKPSSYYDRVKENVQIGLHTLVLLDIKVKEQSLENMARGRLIYEPPRFMTVAQCAAQMLETEEERQEGVWGPDSLAVGAARVGAEDQKLVAGTLQELTQVDMGRPLHSLVLLGRRAHDLEKDYIRRFAVDEATFDAAWQNGKYGSS,2.1.1.314,GO:0005737;GO:0141133;GO:0032259;GO:0017183,3: Inferred from homology,,Q5BFG0
Q873N1,GWT1_ASPFU,GPI-anchored wall transfer protein 1,gwt1,Aspergillus fumigatus (strain ATCC MYA-4609 / CBS 101355 / FGSC A1100 / Af293),501,MDPDYKARKEAFVSGLAGGSILEINAVTLVASVSVFLWSILQSRLSFFTPYSAAALLVDFLLNVLAILFATTLYSSAPLLLNLLLISPALLILLSTKRPRTPVKAKPPRQSARAGKDDSKHATALPESLPIHPFLTTYRAAMMVITCIAILAVDFRIFPRRFAKVENWGTSLMDLGVGSFVFSGGVVSARSLLKSRINGSKRLPLAKRLIASTRHSIPLLVLGLIRLYSVKGLDYAEHVTEYGVHWNFFFTLGLLPPFVEVFDALATIIPSYEVLSVGIAVLYQVALESTDLKSYILVSPRGPSLLSKNREGVFSFSGYLAIFLAGRAIGIRIIPRGTSFSRSPEQARRRVLISLGVQALVWTTLFVLNSTYAMGYGANIPVSRRLANMPYVLWVSAFNTAQLFVFCLIETLCFPAVHRTTTQESESERVDFATSRIMSAFNKNSLAIFLLANLLTGAVNLSISTIDANTAQAIAVLIGYSSIITGVALALHHANIKVLPF,2.3.-.-,GO:0005789;GO:0032216;GO:0006506,3: Inferred from homology,,Q873N1
Q92203,KAPS_EMENI,Adenylyl-sulfate kinase,sD,Emericella nidulans (strain FGSC A4 / ATCC 38163 / CBS 112.46 / NRRL 194 / M139),206,MATNITHHAGITRNERNQLRKQKGLTIWLTGLSASGKSTIAVELEHQLLQRGLHAYRLDGDNVRFGLNKDLGFSDADRNENIRRIAEVAKLFADSSSIAITSFISPFRADRDTARKLHEVPTPNDSTGLPFVEVFVDVPIEVAEKRDPKGLYKKAREGIIKEFTGISSPYEAPENPEVHVKNVDLPIQEAVKQIIDYLDSKKLLDA,2.7.1.25,GO:0004020;GO:0005524;GO:0019344;GO:0070814;GO:0009086;GO:0000103;GO:0019379,3: Inferred from homology,,Q92203
Q9UUZ9,THI4_ASPOR,Thiamine thiazole synthase,thiA,Aspergillus oryzae (strain ATCC 42149 / RIB 40),327,MSPPAAIYEPTVAATGLKGKVVVSETAPVEGASQTKLLDHFGGKWDEFKFAPIRESQVSRAMTRRYFEDLDKYAESDVVIVGAGSCGLSTAYVLAKARPDLKIAIVEASVSPGGGAWLGGQLFSAMVMRRPAEVFLNELGVPYEEDANPNYVVVKHASLFTSTLMSKVLSFPNVKLFNATAVEDLITRPTENGNPQIAGVVVNWTLVTLHHDDHSCMDPNTINAPVIISTTGHDGPFGAFCAKRLVSMGSVDKLGGMRGLDMNSAEDAIVKNTREVTKGLIIGGMELSEIDGFNRMGPTFGAMVLSGVKAAEEALKVFDERQRECAE,2.4.2.60,GO:0005829;GO:0005634;GO:0160205;GO:0008198;GO:0000002;GO:0009228;GO:0052837,3: Inferred from homology,,Q9UUZ9
S7ZEI5,POXL_PENO1,Aminotransferase poxL,poxL,Penicillium oxalicum (strain 114-2 / CGMCC 5302),365,MAPKDFFPPAPLDLDWDNIGIKVREVNGHVECAYNVATESWSEPQVVKGIDLTISGLSPALNYGQQAYEGMKAFRDPQGQIHIFRPEVHAARMAHSCEVVSIPPIPQVQFIRSVALAVSVNAEFVPPFDSSAALYIRPLAFGSGPQINLAQPEEYTFCVFVLPVTSLLGTKPVDALIMEEFDRTAPMGSGNAKVGGNYAPVLRWAAKARARGYGIPLHLDSKTRTEIDEFSAAGFIGVRDDDGKTTIVVPDSSCIIQSVTSDSCVQLARSYGWSVEVRPIKYTELPEFSEVLAVGTAAVIVPIGSITRDSLRDLIVYKPSEDGGYPCADKLFKSIKDIQRGLGKDVFNWCVPVHEPGAYFQPVSA,2.6.1.-,GO:0004084;GO:0009081,1: Evidence at protein level,,S7ZEI5
A0A097ZPE3,ANDD_EMEVA,Polyprenyl transferase andD,andD,Emericella variicolor,327,MSATTTEAKQTFLCKERLPRRYHPPSKVLSRLPTSFLPYGELLRLHKPLGYILVCYPFLVAGAFSASIAPEVLEADFWPRITLLCLWSIFLRSGGCIWDDIADQHVDAKVARTRLRPLPRGAVSNSQATIFAAGTFLCGFAFVAELPGVCMVDALIMLFFAVLYPYGKRHSNYPQLILGTIGWAIPMTMHGLNLRPLDHPIPMAAMFAFIALVTIMNDIIYARQDIEEDIKAGVGSMAVRFQHCLDALTFALVFASSAALVIAGKLGNMGAPFFTISVGGHFGFFLFLAMANQRDPKSGVEWAAKRCCTSATFLLIVGMVVDLVWRS,2.5.1.-,GO:0005743;GO:0008412;GO:0016114;GO:0006744,1: Evidence at protein level,,A0A097ZPE3
A0A0C1E1D0,UCDG_ASPUT,L-tyrosine:2-oxoglutarate aminotransferase ucdG,ucdG,Aspergillus ustus,523,MSALGTLNSVVRDEIFALNLAFNSDDHPQKVNLSVGAYRSDSGKPWPLPAVQEAEKQLFAEANAFRHEYTTIAGDAGFLEAARDLMFGFDNLQNAAGTAAKLRISSVQTVAGTGANHLGALFLSKYLKPQTVWLSDPTWANHYTIWDLVKVPYKMYPYYSASDGSFDFHGMMSTLESDAQPGDIILLQACAHNPTGLDPSPQQWKDIANLCDRKHLFPFIDAAYQGFATGCTNNDNWIVRYFLNKKPHIDMCVAQSFSKNLGLYGQRVGAFHYVLNEDGKGLRDTVTDHLCQLIRGEYTMGPVAGSDIVKRVLTNPVLRAQWFENMRSMSFRIVAMRKALFDELTRLKTPGSWKHITEMIGMFSYIGLSPTQVEVLKTKYHIYLLQSSRASMSGLNSTNVIYVARAIDETQAFPDLSWRPLPPRSGHPIYHGLEPGQVILPKGTVRFASWRSLPVDTEFNRDVPVVLRDGVTIYLDVFRPTETARSSPPYTSEANMERRGQAAYSSTPLRRIGLTFLNRTLKI,2.6.1.5,GO:0005829;GO:0004069;GO:0004838;GO:0030170;GO:0006532,1: Evidence at protein level,,A0A0C1E1D0
A0A0C1E5A5,UCDC_ASPUT,O-methyltransferase ucdC,ucdC,Aspergillus ustus,380,MEQELNRLGVLAHSATDAQRKRLVENLRDLMISLETIDDTLERIVHTPFEIDGAKIGVNLGIFRTLTQSDASMDAETLAKMTGADPDLLVRLLRYFASARMIAEHGSDSFAANKVTRALASAKGESYVDVFYEMVLPTIHELPNFLERTHYRNPTDRYHLSFQDAFNWEGDLFTFFEADPHRQVLFNRHMQLQRSSITNWGTMATLLATNQSPDAVLLVDIGGGVGHQCERIRANCPNIQGRLILQDLPEVMKNALPIPGVEAMAHNVFEPQPIKGAKFYYLRGVLHDFPDDQCKEILRGIVGAMGVDSTLVIDEMILPDRNINWQATVMDLQMMANFGSQERTRSHWVRLIESTGLMLRDVLYHGLDEYQGLIIAVKTM,2.1.1.-,GO:0008171;GO:0046983;GO:0032259;GO:0044550,1: Evidence at protein level,,A0A0C1E5A5
A0A0E3D8L3,JANC_PENJA,Prenyl transferase janC,janC,Penicillium janthinellum,327,MAFPGAGPILGAIAVSSCLYFLFDYVPIPRWWDKNAYLIGQMHPDEITGLECPYAYLRQIYGKYHWAPFVHKISPTLQKDDYPKYVMVLEIMDAIHLCLMLVDDISDGSDYRKGKPAAHKIYGPTETANRAYYRVTQILAQTTKEFPNLAPWLMGDLRDILEGQDMSLVWRRDGIGGFPTAAKDRAAAYRKMASLKTGALFRLLGHLVLENDSMDEVFTVIAWYSQLQNDCKNVYSSEYAKLKGLVAEDLHNREMTYPIVLALDAPEGHWVTRALESPSPRNIRNALKVIRSKYVRDKCTAELAESGASVKEWLQLWGRTEKLDLKA,2.5.1.-,GO:0016020;GO:0046872;GO:0004659;GO:0046165;GO:0008299;GO:0043386,3: Inferred from homology,,A0A0E3D8L3
A0A0H4LJX8,LAEA_ASPFS,Secondary metabolism regulator laeA,laeA,Aspergillus fumisynnematus,373,MFLNGQGGQRPPTVASPPLNVRGSISSDFNALGRSRNNSDAMDIYTITDRGPAAERDPAAGRWHANGSPSINSTSSKNPDRYPCYQENGRTYHGYRKGIYMLPCDEQEQDRLDIFHKLFTVARVSDGLIYAPHPTNGRFLDLGCGTGIWAIDVANKYPEAFVVGVDLAPIQPPNHPRNCDFYAPFDFESLWALGEDSWDLIHMQMGSGSVASWPNLYRRIYSHLRPGAWFEQVEIDFEPRCDDRSLEGLAIRQWYQLLKQATEETMRPVAHNSRETIRNLQEAGFTEIDHQMVGLPLNPWHQDEHERRVARWYNLAISESIETMSLAPFSRVFGWPIERIKQIAADVKSEAFNKEIHTYNILHIYQARKPLAN,2.1.1.-,GO:0005634;GO:0008168;GO:0032259;GO:0030435,3: Inferred from homology,,A0A0H4LJX8
A0A0N9HN32,DESB_ASPDE,O-methyltransferase desB,desB,Aspergillus desertorum,419,MGTETEYLQSIQQALKSLTTAANNCQLTYTHAVGQDVHSLCAREAVRKTLVLEAYKFLQIAQGPVDAAVTCFEQTAHLASVRALLEAGVFEVLPTDGTPRTMKEVAEKLDVDESLLARLMRHASLYGPLEETGPGSYRHTPFSLVYLRPEIRGMVRFAMDEHMPAHLKLHEYLQQTSWTAPSSSTNNPYTHAHSITGTSMFANLSAPSNKHRLDAFNDAMTVQATTAIWMIDLFPFHEVLSPSASADTVLAVDIGGGTGRAISRIRSLAGNLPGRYILQDQAHVISNLPSPSPSSYLDGIETMTHDFFTPQPVAGAQIYLIRRCLHNWPEESVIRILRNIVPAMARTNSRLLIEEIIVPESNSGIEEGWMDMIMMALGAKQRTLEEWKGVLGTAGLEVVTVYRVDGICHGLIEARVKSE,2.1.1.-,GO:0008171;GO:0046983;GO:0032259;GO:0044550,3: Inferred from homology,,A0A0N9HN32
A0A0U1LQF6,CCTO_TALIS,Transacylase cctO,cctO,Talaromyces islandicus,300,MPLYSQIRQSEDAFSEPTYAATNELINDNENACPHCRQERSESWFLKGGRSIVYVSLTFFVVSIGLNFILAILLYSKFHASSFQTEWSAAVADTDCVRRLVAYTPALDSIEYFATNLRDAYRSNDQYLGPPTKEREQMWQDLWLHEAIMVETWAMPLLNRINLDPYEKVEGELGDGYNALLQVHHQLGCLDILRQYTWLLSGKYTTDGIPVPIFLQKPPEENRRHVDQCIEELRMGLMCHGDMTPLLITKKRDGASGFKADMNTHYMCRNFTKLQEWTMSHGVEHWELGDGRGPHEHGRR,2.3.1.-,GO:0016020;GO:0016740;GO:0043386,1: Evidence at protein level,,A0A0U1LQF6
